x;y;z;index;time;ms;1573102185;716;-110;
-0.214595;0.120587;0.55;1;1573102192;219;-110;
-0.45636;0.179608;0.55;1;1573102192;267;-110;
-0.406281;0.082625;0.55;1;1573102192;354;-110;
-0.407361;0.10823;0.55;1;1573102192;390;-110;
-0.409867;0.0975414;0.55;1;1573102192;438;-110;
-0.412702;0.0531316;0.55;1;1573102192;476;-110;
-0.387602;0.0562877;0.55;1;1573102192;520;-110;
-0.416693;0.0322281;0.55;1;1573102192;616;-110;
-0.417289;0.0260217;0.55;1;1573102192;693;-110;
-0.417615;0.021499;0.55;1;1573102192;742;-110;
-0.417794;0.0181146;0.55;1;1573102192;778;-110;
-0.4179;0.0161727;0.55;1;1573102192;858;-110;
-0.420933;0.0355706;0.55;1;1573102192;905;-110;
-0.421001;0.0347514;0.55;1;1573102192;944;-110;
-0.420931;0.0354244;0.55;1;1573102193;21;-110;
-0.420891;0.0357197;0.55;1;1573102193;61;-110;
-0.420831;0.0361875;0.55;1;1573102193;100;-110;
-0.420264;0.0370572;0.55;1;1573102193;138;-110;
-0.420569;0.0384845;0.55;1;1573102193;231;-110;
-0.420476;0.0401757;0.55;1;1573102193;308;-110;
-0.420362;0.0416676;0.55;1;1573102193;354;-110;
-0.420216;0.043258;0.55;1;1573102193;400;-110;
-0.420073;0.044668;0.55;1;1573102193;438;-110;
-0.419892;0.0463428;0.55;1;1573102193;532;-110;
-0.419702;0.0480312;0.55;1;1573102193;610;-110;
-0.419481;0.0499229;0.55;1;1573102193;695;-110;
-0.419279;0.0515896;0.55;1;1573102193;735;-110;
-0.4191;0.0530296;0.55;1;1573102193;781;-110;
-0.418908;0.0545197;0.55;1;1573102193;869;-110;
-0.419077;0.0529788;0.55;1;1573102193;998;-110;
-0.414791;0.0305353;0.55;1;1573102194;130;-110;
-0.419585;0.0361405;0.55;1;1573102194;297;-110;
-0.410367;0.0693869;0.55;1;1573102194;445;-110;
-0.403089;-0.0853221;0.55;1;1573102194;494;-110;
-0.390075;0.0607619;0.55;1;1573102194;566;-110;
-0.38153;0.0575233;0.55;1;1573102195;19;-110;
-0.374889;0.0557473;0.55;1;1573102195;148;-110;
-0.368248;0.0632613;0.549457;51;1573102195;196;-110;
-0.363732;0.065406;0.549529;67;1573102195;235;-110;
-0.357311;0.064067;0.550068;69;1573102195;323;-110;
-0.3571;0.0682934;0.551388;95;1573102195;364;-110;
-0.3571;0.0682934;0.551388;95;1573102195;408;-110;
-0.359841;0.071837;0.549816;60;1573102195;451;-110;
-0.348326;0.0862118;0.550173;104;1573102195;538;-110;
-0.330486;0.0579001;0.550549;73;1573102195;583;-110;
-0.344452;0.06336;0.54965;32;1573102195;669;-110;
-0.297516;0.0598953;0.549028;99;1573102195;714;-110;
-0.288913;0.035371;0.549117;118;1573102195;794;-110;
-0.286487;0.0256925;0.550763;80;1573102195;838;-110;
-0.260006;0.043715;0.550189;93;1573102195;917;-110;
-0.254358;0.046536;0.550963;88;1573102195;962;-110;
-0.240594;0.0491895;0.549883;54;1573102196;44;-110;
-0.228294;0.0521038;0.549377;60;1573102196;256;-110;
-0.214934;0.0573117;0.550344;64;1573102196;297;-110;
-0.207646;0.0681139;0.549472;60;1573102196;382;-110;
-0.210373;0.0691536;0.550025;58;1573102196;455;-110;
-0.201432;0.0719544;0.550415;61;1573102196;553;-110;
-0.183799;0.0858774;0.549497;99;1573102196;591;-110;
-0.187412;0.0831438;0.550075;83;1573102196;628;-110;
-0.170161;0.0915717;0.550724;45;1573102196;715;-110;
-0.158536;0.0857452;0.550004;58;1573102196;754;-110;
-0.186727;0.0693809;0.549901;3;1573102196;836;-110;
-0.145279;0.0761214;0.550015;19;1573102196;877;-110;
-0.131161;0.0923212;0.550005;5;1573102196;918;-110;
-0.121341;0.0937472;0.550029;5;1573102196;996;-110;
-0.114493;0.080341;0.549999;3;1573102197;81;-110;
-0.114791;0.0808911;0.550005;3;1573102197;119;-110;
-0.089971;0.0936967;0.550034;5;1573102197;168;-110;
-0.0857324;0.0963487;0.550004;6;1573102197;202;-110;
-0.0710846;0.097197;0.549983;5;1573102197;242;-110;
-0.0631727;0.103451;0.549978;7;1573102197;283;-110;
-0.0534604;0.104141;0.55002;7;1573102197;321;-110;
-0.0464267;0.108348;0.549989;5;1573102197;424;-110;
-0.0378934;0.110964;0.549986;5;1573102197;459;-110;
-0.0340069;0.11411;0.550023;6;1573102197;504;-110;
-0.0219713;0.117838;0.549929;5;1573102197;549;-110;
-0.0136045;0.120359;0.549993;5;1573102197;641;-110;
-0.00754868;0.126032;0.55005;5;1573102197;761;-110;
-0.000344959;0.128658;0.549897;5;1573102197;841;-110;
0.00687881;0.131325;0.549997;5;1573102198;231;-110;
0.00260252;0.13374;0.549947;2;1573102198;318;-110;
-0.0016555;0.0916317;0.55;1;1573102198;401;-110;
0.0258535;0.0961064;0.549994;4;1573102198;473;-110;
0.0304556;0.0938787;0.549948;5;1573102198;514;-110;
0.0481358;0.118086;0.549996;6;1573102198;569;-110;
0.0584909;0.134659;0.550047;5;1573102198;656;-110;
0.0660219;0.13716;0.549958;5;1573102198;738;-110;
0.0702782;0.141182;0.549975;6;1573102198;826;-110;
0.0779598;0.143831;0.549884;6;1573102198;865;-110;
0.0841625;0.150665;0.550098;6;1573102198;919;-110;
0.0878863;0.162001;0.550226;6;1573102198;973;-110;
0.0878863;0.162001;0.550226;6;1573102199;10;-110;
0.0933113;0.171247;0.550174;7;1573102199;53;-110;
0.110197;0.156928;0.550022;7;1573102200;345;-110;
0.114171;0.159958;0.550201;15;1573102200;387;-110;
0.114171;0.159958;0.550201;15;1573102200;423;-110;
0.123463;0.157376;0.550418;19;1573102200;464;-110;
0.122938;0.172086;0.549686;19;1573102200;562;-110;
0.127798;0.173258;0.549639;21;1573102200;603;-110;
0.128953;0.179434;0.549921;32;1573102200;680;-110;
0.124539;0.18178;0.549831;28;1573102200;714;-110;
0.130493;0.171483;0.549164;32;1573102200;758;-110;
0.130493;0.171483;0.549164;32;1573102200;840;-110;
0.130493;0.171483;0.549164;32;1573102200;880;-110;
0.127535;0.178757;0.549748;37;1573102200;964;-110;
0.127535;0.178757;0.549748;37;1573102201;6;-110;
0.133056;0.194013;0.550112;54;1573102201;98;-110;
0.14198;0.190133;0.551122;64;1573102201;134;-110;
0.141652;0.202274;0.549928;57;1573102201;219;-110;
0.141652;0.202274;0.549928;57;1573102201;259;-110;
0.141652;0.202274;0.549928;57;1573102201;337;-110;
0.142067;0.206111;0.550629;55;1573102201;424;-110;
0.142067;0.206111;0.550629;55;1573102201;464;-110;
0.139816;0.213717;0.549865;51;1573102201;553;-110;
0.139816;0.213717;0.549865;51;1573102201;588;-110;
0.138963;0.208173;0.550894;56;1573102201;640;-110;
0.138963;0.208173;0.550894;56;1573102201;681;-110;
0.138963;0.208173;0.550894;56;1573102201;720;-110;
0.138963;0.208173;0.550894;56;1573102201;762;-110;
0.141742;0.220708;0.550124;51;1573102201;815;-110;
0.136511;0.228719;0.549454;46;1573102201;914;-110;
0.136511;0.228719;0.549454;46;1573102201;951;-110;
0.136511;0.228719;0.549454;46;1573102201;995;-110;
0.136697;0.217131;0.550939;51;1573102202;83;-110;
0.136697;0.217131;0.550939;51;1573102202;155;-110;
0.133788;0.216281;0.549632;48;1573102202;215;-110;
0.128852;0.217036;0.549874;45;1573102202;252;-110;
0.128852;0.217036;0.549874;45;1573102202;312;-110;
0.123512;0.216082;0.550033;47;1573102202;362;-110;
0.123512;0.216082;0.550033;47;1573102202;397;-110;
0.123512;0.216082;0.550033;47;1573102202;439;-110;
0.113554;0.216813;0.550053;48;1573102202;492;-110;
0.0998937;0.208244;0.549615;50;1573102204;122;-110;
0.0998937;0.208244;0.549615;50;1573102204;157;-110;
0.0998937;0.208244;0.549615;50;1573102204;194;-110;
0.0998937;0.208244;0.549615;50;1573102204;290;-110;
0.00628534;0.214645;0.550144;72;1573102204;330;-110;
0.0184965;0.223251;0.549705;49;1573102204;378;-110;
0.0114499;0.22932;0.549482;55;1573102204;424;-110;
0.00851262;0.233363;0.549645;60;1573102204;475;-110;
-0.000498219;0.226008;0.549537;65;1573102204;520;-110;
-0.000498219;0.226008;0.549537;65;1573102204;559;-110;
-0.000498219;0.226008;0.549537;65;1573102204;602;-110;
-0.0086051;0.215379;0.54893;46;1573102204;648;-110;
-0.0086051;0.215379;0.54893;46;1573102204;687;-110;
0.0129473;0.215928;0.55;1;1573102204;729;-110;
0.011215;0.216268;0.55;1;1573102204;767;-110;
0.0100019;0.216542;0.55;1;1573102204;844;-110;
0.00896305;0.216621;0.55;1;1573102204;880;-110;
0.00807232;0.216604;0.55;1;1573102204;921;-110;
0.00745516;0.21654;0.55;1;1573102204;957;-110;
0.00701687;0.216591;0.55;1;1573102205;31;-110;
0.00656054;0.216221;0.55;1;1573102205;70;-110;
0.00608727;0.215533;0.55;1;1573102205;109;-110;
0.00556402;0.214548;0.55;1;1573102205;149;-110;
0.00486778;0.213586;0.55;1;1573102205;229;-110;
0.00394956;0.212888;0.55;1;1573102205;304;-110;
0.00293175;0.212463;0.55;1;1573102205;341;-110;
-0.00869369;0.242432;0.550161;60;1573102205;383;-110;
0.000567934;0.227769;0.550233;37;1573102205;473;-110;
0.000567934;0.227769;0.550233;37;1573102205;516;-110;
0.00997993;0.238609;0.54961;16;1573102205;561;-110;
0.00997993;0.238609;0.54961;16;1573102205;608;-110;
0.00997993;0.238609;0.54961;16;1573102205;649;-110;
0.0234126;0.2268;0.54976;41;1573102205;731;-110;
0.0252819;0.205959;0.549918;43;1573102205;772;-110;
0.0252819;0.205959;0.549918;43;1573102205;867;-110;
0.022499;0.208912;0.550071;36;1573102205;919;-110;
0.0184896;0.205926;0.549987;34;1573102205;958;-110;
0.0178983;0.205405;0.549669;42;1573102206;3;-110;
0.0129804;0.204505;0.549616;35;1573102206;43;-110;
0.0112211;0.203681;0.549132;44;1573102206;85;-110;
0.00398415;0.21115;0.549882;35;1573102206;182;-110;
0.00398415;0.21115;0.549882;35;1573102206;254;-110;
-0.00702254;0.204869;0.550504;43;1573102206;353;-110;
-0.00730315;0.209007;0.549572;42;1573102206;446;-110;
-0.00730315;0.209007;0.549572;42;1573102206;479;-110;
-0.00877804;0.208062;0.55003;33;1573102206;489;-110;
-0.0137574;0.207646;0.549849;32;1573102206;494;-110;
-0.0137574;0.207646;0.549849;32;1573102206;534;-110;
-0.0137574;0.207646;0.549849;32;1573102206;586;-110;
-0.0291453;0.210842;0.549076;32;1573102206;669;-110;
-0.0299447;0.202639;0.550568;43;1573102206;717;-110;
-0.0333903;0.207752;0.550296;44;1573102206;804;-110;
-0.0429202;0.21163;0.549792;39;1573102206;846;-110;
-0.0464752;0.208118;0.54997;3;1573102206;898;-110;
-0.0503028;0.199528;0.550328;40;1573102206;941;-110;
-0.047492;0.204755;0.549585;44;1573102207;37;-110;
-0.0528693;0.200136;0.549899;49;1573102207;90;-110;
-0.0566806;0.199636;0.550969;49;1573102207;174;-110;
-0.0628809;0.208847;0.550077;46;1573102207;225;-110;
-0.0640026;0.203974;0.550064;45;1573102207;263;-110;
-0.0841012;0.213107;0.549862;40;1573102207;305;-110;
-0.0841012;0.213107;0.549862;40;1573102207;350;-110;
-0.0765127;0.200326;0.549841;48;1573102207;356;-110;
-0.0765127;0.200326;0.549841;48;1573102207;391;-110;
-0.0765127;0.200326;0.549841;48;1573102207;432;-110;
-0.085743;0.204777;0.550982;50;1573102207;530;-110;
-0.0957598;0.201255;0.55038;52;1573102207;613;-110;
-0.0950161;0.20241;0.549998;49;1573102207;669;-110;
-0.0992552;0.202545;0.549939;52;1573102207;754;-110;
-0.102969;0.203337;0.550031;48;1573102207;806;-110;
-0.102969;0.203337;0.550031;48;1573102207;844;-110;
-0.106867;0.207057;0.550162;50;1573102207;887;-110;
-0.111732;0.2059;0.550156;49;1573102207;934;-110;
-0.114803;0.209061;0.549104;54;1573102207;986;-110;
-0.118083;0.205309;0.548703;50;1573102208;19;-110;
-0.119883;0.203582;0.549333;49;1573102208;74;-110;
-0.124527;0.201744;0.549573;48;1573102208;114;-110;
-0.127278;0.209572;0.550463;50;1573102208;202;-110;
-0.148023;0.199523;0.549587;12;1573102208;274;-110;
-0.146859;0.197461;0.549208;26;1573102208;313;-110;
-0.134317;0.202094;0.550393;53;1573102208;355;-110;
-0.141919;0.19854;0.550608;61;1573102208;444;-110;
-0.141919;0.19854;0.550608;61;1573102208;478;-110;
-0.141919;0.19854;0.550608;61;1573102208;519;-110;
-0.143055;0.205482;0.54992;48;1573102208;567;-110;
-0.147476;0.203148;0.55001;47;1573102208;606;-110;
-0.150771;0.202174;0.550704;50;1573102208;642;-110;
-0.155673;0.202688;0.549864;47;1573102208;729;-110;
-0.15631;0.203532;0.549762;50;1573102208;770;-110;
-0.161302;0.203673;0.550009;49;1573102208;815;-110;
-0.165757;0.210503;0.549664;54;1573102208;902;-110;
-0.168675;0.200537;0.549959;48;1573102208;984;-110;
-0.168675;0.200537;0.549959;48;1573102209;32;-110;
-0.172168;0.209308;0.549544;53;1573102209;80;-110;
-0.172168;0.209308;0.549544;53;1573102209;117;-110;
-0.179212;0.205501;0.548777;51;1573102209;175;-110;
-0.179212;0.205501;0.548777;51;1573102209;222;-110;
-0.18274;0.200599;0.54858;56;1573102209;307;-110;
-0.190345;0.211144;0.550398;54;1573102209;389;-110;
-0.190345;0.211144;0.550398;54;1573102209;426;-110;
-0.187736;0.204858;0.550091;48;1573102209;486;-110;
-0.187736;0.204858;0.550091;48;1573102209;524;-110;
-0.192793;0.203814;0.549733;50;1573102209;567;-110;
-0.192793;0.203814;0.549733;50;1573102209;615;-110;
-0.192793;0.203814;0.549733;50;1573102209;652;-110;
-0.198516;0.209049;0.54972;49;1573102209;733;-110;
-0.20194;0.214218;0.55068;57;1573102209;812;-110;
-0.20194;0.214218;0.55068;57;1573102209;850;-110;
-0.199261;0.205476;0.549613;56;1573102209;945;-110;
-0.199261;0.205476;0.549613;56;1573102209;982;-110;
-0.199261;0.205476;0.549613;56;1573102210;17;-110;
-0.202594;0.211518;0.550134;62;1573102210;62;-110;
-0.202594;0.211518;0.550134;62;1573102210;108;-110;
-0.202594;0.211518;0.550134;62;1573102210;149;-110;
-0.204454;0.204242;0.549415;50;1573102210;195;-110;
-0.204454;0.204242;0.549415;50;1573102210;240;-110;
-0.205668;0.201694;0.549377;49;1573102210;284;-110;
-0.207256;0.201054;0.549944;58;1573102210;382;-110;
-0.207256;0.201054;0.549944;58;1573102210;426;-110;
-0.207048;0.202831;0.550005;61;1573102210;521;-110;
-0.207048;0.202831;0.550005;61;1573102210;568;-110;
-0.208793;0.201007;0.549976;50;1573102210;613;-110;
-0.208793;0.201007;0.549976;50;1573102210;654;-110;
-0.208793;0.201007;0.549976;50;1573102210;689;-110;
-0.209821;0.204745;0.550205;51;1573102210;778;-110;
-0.211839;0.20442;0.549589;50;1573102210;861;-110;
-0.211839;0.20442;0.549589;50;1573102210;898;-110;
-0.210316;0.206683;0.549477;51;1573102210;976;-110;
-0.210316;0.206683;0.549477;51;1573102211;21;-110;
-0.22274;0.208482;0.550727;30;1573102211;103;-110;
-0.210658;0.206236;0.549917;46;1573102211;192;-110;
-0.211476;0.200974;0.550423;53;1573102211;277;-110;
-0.20732;0.1982;0.550615;54;1573102211;328;-110;
-0.204853;0.207141;0.55017;53;1573102211;375;-110;
-0.204853;0.207141;0.55017;53;1573102211;421;-110;
-0.204853;0.207141;0.55017;53;1573102211;467;-110;
-0.202782;0.202746;0.549969;49;1573102211;514;-110;
-0.202782;0.202746;0.549969;49;1573102211;553;-110;
-0.210658;0.20762;0.551953;49;1573102211;632;-110;
-0.210658;0.20762;0.551953;49;1573102211;682;-110;
-0.197986;0.207101;0.549858;58;1573102211;769;-110;
-0.20187;0.206724;0.551157;53;1573102211;827;-110;
-0.19859;0.210416;0.550374;59;1573102211;866;-110;
-0.19859;0.210416;0.550374;59;1573102211;909;-110;
-0.196948;0.205383;0.54813;52;1573102211;999;-110;
-0.195197;0.203074;0.549981;52;1573102212;51;-110;
-0.194231;0.200545;0.550042;50;1573102212;132;-110;
-0.189583;0.198702;0.5501;53;1573102212;214;-110;
-0.192279;0.193117;0.55049;64;1573102212;259;-110;
-0.190804;0.195862;0.550235;68;1573102212;295;-110;
-0.186584;0.200919;0.550238;57;1573102212;335;-110;
-0.186584;0.200919;0.550238;57;1573102212;383;-110;
-0.186584;0.200919;0.550238;57;1573102212;424;-110;
-0.187429;0.20058;0.549543;51;1573102212;511;-110;
-0.197952;0.20081;0.550516;12;1573102212;554;-110;
-0.197952;0.20081;0.550516;12;1573102212;559;-110;
-0.197952;0.20081;0.550516;12;1573102212;565;-110;
-0.197952;0.20081;0.550516;12;1573102212;572;-110;
-0.183654;0.197415;0.549641;55;1573102212;606;-110;
-0.179566;0.194803;0.548429;67;1573102212;642;-110;
-0.178395;0.202279;0.550339;77;1573102212;723;-110;
-0.178395;0.202279;0.550339;77;1573102212;762;-110;
-0.17434;0.204203;0.550432;53;1573102212;805;-110;
-0.17434;0.204203;0.550432;53;1573102212;853;-110;
-0.171974;0.202128;0.550358;59;1573102212;917;-110;
-0.171974;0.202128;0.550358;59;1573102212;952;-110;
-0.17396;0.208636;0.548587;50;1573102213;1;-110;
-0.168961;0.208639;0.548666;65;1573102213;85;-110;
-0.167607;0.202763;0.550588;51;1573102213;130;-110;
-0.167607;0.202763;0.550588;51;1573102213;174;-110;
-0.176677;0.196594;0.551208;56;1573102213;213;-110;
-0.176677;0.196594;0.551208;56;1573102213;255;-110;
-0.162188;0.210145;0.54957;58;1573102213;342;-110;
-0.166986;0.198759;0.549988;54;1573102213;437;-110;
-0.162004;0.198911;0.549594;55;1573102213;477;-110;
-0.160488;0.204394;0.551111;61;1573102213;515;-110;
-0.160488;0.204394;0.551111;61;1573102213;561;-110;
-0.160488;0.204394;0.551111;61;1573102213;605;-110;
-0.156933;0.201875;0.549704;53;1573102213;663;-110;
-0.156933;0.201875;0.549704;53;1573102213;701;-110;
-0.160129;0.208484;0.550977;53;1573102213;746;-110;
-0.157943;0.204638;0.550312;51;1573102213;849;-110;
-0.157953;0.203771;0.550149;48;1573102213;926;-110;
-0.157953;0.203771;0.550149;48;1573102213;969;-110;
-0.157897;0.202082;0.550362;54;1573102214;51;-110;
-0.158879;0.209735;0.548876;53;1573102214;139;-110;
-0.158879;0.209735;0.548876;53;1573102214;180;-110;
-0.157408;0.211864;0.549912;48;1573102214;266;-110;
-0.15732;0.213128;0.550249;49;1573102214;364;-110;
-0.15732;0.213128;0.550249;49;1573102214;394;-110;
-0.154325;0.206169;0.550074;47;1573102214;472;-110;
-0.152808;0.205765;0.550162;46;1573102214;563;-110;
-0.148395;0.207953;0.551021;49;1573102214;610;-110;
-0.147049;0.2072;0.550841;54;1573102214;655;-110;
-0.147049;0.2072;0.550841;54;1573102214;703;-110;
-0.153811;0.201959;0.549894;53;1573102214;748;-110;
-0.149194;0.200129;0.549318;58;1573102214;824;-110;
-0.148167;0.209857;0.550025;49;1573102214;873;-110;
-0.144601;0.206352;0.550006;51;1573102214;952;-110;
-0.147636;0.203478;0.55049;47;1573102214;998;-110;
-0.147636;0.203478;0.55049;47;1573102215;34;-110;
-0.156835;0.205844;0.54989;26;1573102215;131;-110;
-0.156835;0.205844;0.54989;26;1573102215;174;-110;
-0.145031;0.205555;0.549773;49;1573102215;256;-110;
-0.145031;0.205555;0.549773;49;1573102215;295;-110;
-0.142165;0.209701;0.55003;53;1573102215;346;-110;
-0.142165;0.209701;0.55003;53;1573102215;394;-110;
-0.141512;0.20965;0.549506;57;1573102215;443;-110;
-0.141512;0.20965;0.549506;57;1573102215;477;-110;
-0.141512;0.20965;0.549506;57;1573102215;517;-110;
-0.140913;0.210946;0.549977;58;1573102215;568;-110;
-0.145705;0.215279;0.550017;47;1573102215;655;-110;
-0.141952;0.205139;0.548868;52;1573102215;736;-110;
-0.141952;0.205139;0.548868;52;1573102215;813;-110;
-0.141952;0.205139;0.548868;52;1573102215;818;-110;
-0.152971;0.216636;0.549594;21;1573102215;856;-110;
-0.152971;0.216636;0.549594;21;1573102215;905;-110;
-0.137881;0.207308;0.549757;47;1573102215;944;-110;
-0.137881;0.207308;0.549757;47;1573102215;956;-110;
-0.137881;0.207308;0.549757;47;1573102215;986;-110;
-0.133148;0.205698;0.549838;49;1573102216;24;-110;
-0.133148;0.205698;0.549838;49;1573102216;79;-110;
-0.135466;0.212607;0.549842;54;1573102216;134;-110;
-0.135466;0.212607;0.549842;54;1573102216;178;-110;
-0.134673;0.209043;0.550077;51;1573102216;224;-110;
-0.134673;0.209043;0.550077;51;1573102216;268;-110;
-0.134501;0.204976;0.549925;55;1573102216;311;-110;
-0.134501;0.204976;0.549925;55;1573102216;353;-110;
-0.134501;0.204976;0.549925;55;1573102216;387;-110;
-0.132477;0.209217;0.55033;48;1573102216;476;-110;
-0.134674;0.202965;0.549998;51;1573102216;528;-110;
-0.134674;0.202965;0.549998;51;1573102216;567;-110;
-0.130787;0.209155;0.549349;49;1573102216;656;-110;
-0.130787;0.209155;0.549349;49;1573102216;695;-110;
-0.129504;0.207283;0.549816;52;1573102216;701;-110;
-0.129403;0.209475;0.549869;53;1573102216;791;-110;
-0.129403;0.209475;0.549869;53;1573102216;828;-110;
-0.128765;0.207404;0.550167;51;1573102216;935;-110;
-0.130316;0.208021;0.550104;49;1573102216;965;-110;
-0.130316;0.208021;0.550104;49;1573102217;7;-110;
-0.127505;0.204752;0.549975;55;1573102217;94;-110;
-0.127109;0.205213;0.550245;53;1573102217;197;-110;
-0.127793;0.208159;0.55018;52;1573102217;239;-110;
-0.126717;0.205998;0.549604;57;1573102217;321;-110;
-0.126717;0.205998;0.549604;57;1573102217;358;-110;
-0.127668;0.201973;0.550408;52;1573102217;447;-110;
-0.126707;0.201788;0.54972;52;1573102217;549;-110;
-0.127509;0.199361;0.550274;49;1573102217;586;-110;
-0.127509;0.199361;0.550274;49;1573102217;625;-110;
-0.127509;0.199361;0.550274;49;1573102217;664;-110;
-0.127445;0.200815;0.549313;52;1573102217;713;-110;
-0.131993;0.210121;0.549819;52;1573102217;790;-110;
-0.125964;0.200854;0.549643;50;1573102217;872;-110;
-0.125964;0.200854;0.549643;50;1573102217;915;-110;
-0.125964;0.200854;0.549643;50;1573102217;949;-110;
-0.125041;0.203134;0.549971;48;1573102218;34;-110;
-0.125136;0.196896;0.54986;51;1573102218;92;-110;
-0.124345;0.198203;0.549452;58;1573102218;144;-110;
-0.124388;0.202516;0.550112;54;1573102218;243;-110;
-0.124388;0.202516;0.550112;54;1573102218;274;-110;
-0.123464;0.201014;0.549709;53;1573102218;319;-110;
-0.130674;0.195267;0.550532;48;1573102218;400;-110;
-0.130674;0.195267;0.550532;48;1573102218;436;-110;
-0.123486;0.199085;0.549865;48;1573102218;491;-110;
-0.123486;0.199085;0.549865;48;1573102218;519;-110;
-0.126646;0.194261;0.549032;51;1573102218;608;-110;
-0.125971;0.196504;0.550179;49;1573102218;656;-110;
-0.125971;0.196504;0.550179;49;1573102218;695;-110;
-0.124699;0.198526;0.548661;50;1573102218;739;-110;
-0.124699;0.198526;0.548661;50;1573102218;782;-110;
-0.1389;0.195455;0.549229;4;1573102218;827;-110;
-0.129984;0.1865;0.550155;59;1573102218;889;-110;
-0.129984;0.1865;0.550155;59;1573102218;926;-110;
-0.127402;0.206125;0.55055;52;1573102218;971;-110;
-0.127402;0.206125;0.55055;52;1573102219;14;-110;
-0.127777;0.195926;0.549995;50;1573102219;66;-110;
-0.127777;0.195926;0.549995;50;1573102219;104;-110;
-0.126213;0.200768;0.550135;49;1573102219;183;-110;
-0.126711;0.199705;0.549731;48;1573102219;286;-110;
-0.126689;0.201158;0.549547;51;1573102219;325;-110;
-0.126468;0.200643;0.550037;53;1573102219;419;-110;
-0.126468;0.200643;0.550037;53;1573102219;455;-110;
-0.126945;0.203026;0.550385;58;1573102219;543;-110;
-0.126954;0.20287;0.549573;49;1573102219;587;-110;
-0.126954;0.20287;0.549573;49;1573102219;627;-110;
-0.129826;0.194249;0.550282;51;1573102219;679;-110;
-0.129826;0.194249;0.550282;51;1573102219;727;-110;
-0.128455;0.202016;0.54941;51;1573102219;762;-110;
-0.128455;0.202016;0.54941;51;1573102219;811;-110;
-0.1254;0.200619;0.550176;49;1573102219;856;-110;
-0.1254;0.200619;0.550176;49;1573102219;891;-110;
-0.126053;0.199188;0.549285;48;1573102219;931;-110;
-0.126053;0.199188;0.549285;48;1573102219;975;-110;
-0.128056;0.199087;0.550019;51;1573102220;66;-110;
-0.128056;0.199087;0.550019;51;1573102220;104;-110;
-0.12737;0.202057;0.549958;50;1573102220;154;-110;
-0.12737;0.202057;0.549958;50;1573102220;191;-110;
-0.1255;0.201697;0.549896;55;1573102220;271;-110;
-0.129316;0.209252;0.549873;52;1573102220;363;-110;
-0.129316;0.209252;0.549873;52;1573102220;402;-110;
-0.126745;0.204229;0.549865;49;1573102220;494;-110;
-0.124683;0.204856;0.550362;50;1573102220;534;-110;
-0.124683;0.204856;0.550362;50;1573102220;623;-110;
-0.128026;0.202646;0.551613;47;1573102220;674;-110;
-0.12783;0.20494;0.548844;50;1573102220;759;-110;
-0.127206;0.203844;0.550622;50;1573102220;846;-110;
-0.129243;0.197835;0.549817;50;1573102220;881;-110;
-0.124269;0.197351;0.549962;51;1573102220;928;-110;
-0.125341;0.203674;0.550174;50;1573102221;13;-110;
-0.124854;0.199903;0.550018;59;1573102221;53;-110;
-0.124854;0.199903;0.550018;59;1573102221;96;-110;
-0.125263;0.202731;0.550167;48;1573102221;138;-110;
-0.123996;0.201274;0.549972;56;1573102221;246;-110;
-0.123996;0.201274;0.549972;56;1573102221;286;-110;
-0.127879;0.201153;0.549049;56;1573102221;337;-110;
-0.124385;0.19427;0.550555;51;1573102221;379;-110;
-0.124385;0.19427;0.550555;51;1573102221;421;-110;
-0.12364;0.204951;0.549325;50;1573102221;465;-110;
-0.12364;0.204951;0.549325;50;1573102221;505;-110;
-0.122096;0.201364;0.550446;49;1573102221;554;-110;
-0.122096;0.201364;0.550446;49;1573102221;589;-110;
-0.120394;0.196956;0.549814;53;1573102221;674;-110;
-0.120251;0.195439;0.549343;51;1573102221;760;-110;
-0.120251;0.195439;0.549343;51;1573102221;807;-110;
-0.134664;0.192021;0.549759;12;1573102221;852;-110;
-0.134664;0.192021;0.549759;12;1573102221;895;-110;
-0.119746;0.200715;0.550337;51;1573102221;993;-110;
-0.120558;0.194668;0.550098;52;1573102222;78;-110;
-0.120558;0.194668;0.550098;52;1573102222;126;-110;
-0.121169;0.195612;0.549056;49;1573102222;206;-110;
-0.118443;0.202481;0.550369;47;1573102222;303;-110;
-0.118443;0.202481;0.550369;47;1573102222;346;-110;
-0.118348;0.198074;0.55031;49;1573102222;399;-110;
-0.118348;0.198074;0.55031;49;1573102222;439;-110;
-0.118872;0.202712;0.549887;47;1573102222;488;-110;
-0.118872;0.202712;0.549887;47;1573102222;529;-110;
-0.118471;0.198707;0.549903;53;1573102222;585;-110;
-0.120091;0.204667;0.55008;52;1573102222;660;-110;
-0.120091;0.204667;0.55008;52;1573102222;709;-110;
-0.118244;0.201972;0.550256;52;1573102222;754;-110;
-0.119391;0.198383;0.54994;51;1573102222;835;-110;
-0.119391;0.198383;0.54994;51;1573102222;878;-110;
-0.125476;0.210251;0.54992;47;1573102222;923;-110;
-0.120307;0.207045;0.550501;53;1573102223;13;-110;
-0.120307;0.207045;0.550501;53;1573102223;54;-110;
-0.119699;0.204907;0.549925;48;1573102223;104;-110;
-0.122335;0.212902;0.549805;49;1573102223;184;-110;
-0.122335;0.212902;0.549805;49;1573102223;224;-110;
-0.118766;0.207833;0.549827;49;1573102223;278;-110;
-0.118766;0.207833;0.549827;49;1573102223;317;-110;
-0.116985;0.206253;0.549951;51;1573102223;400;-110;
-0.114397;0.202061;0.549559;51;1573102223;444;-110;
-0.116081;0.202541;0.550433;50;1573102223;533;-110;
-0.116081;0.202541;0.550433;50;1573102223;575;-110;
-0.11751;0.210291;0.549649;51;1573102223;643;-110;
-0.113901;0.198665;0.549851;50;1573102223;719;-110;
-0.113901;0.198665;0.549851;50;1573102223;761;-110;
-0.113761;0.205199;0.551808;50;1573102223;815;-110;
-0.113919;0.202863;0.550095;50;1573102223;862;-110;
-0.113919;0.202863;0.550095;50;1573102223;899;-110;
-0.113231;0.207155;0.550701;59;1573102223;957;-110;
-0.113231;0.207155;0.550701;59;1573102223;997;-110;
-0.113496;0.203669;0.54989;56;1573102224;46;-110;
-0.113015;0.206388;0.550068;56;1573102224;128;-110;
-0.113015;0.206388;0.550068;56;1573102224;170;-110;
-0.115141;0.209836;0.550409;55;1573102224;216;-110;
-0.115141;0.209836;0.550409;55;1573102224;255;-110;
-0.115369;0.204984;0.54989;50;1573102224;335;-110;
-0.122725;0.21623;0.550141;47;1573102224;395;-110;
-0.122725;0.21623;0.550141;47;1573102224;430;-110;
-0.114323;0.203972;0.549834;49;1573102224;476;-110;
-0.114323;0.203972;0.549834;49;1573102224;518;-110;
-0.114323;0.203972;0.549834;49;1573102224;562;-110;
-0.114911;0.212767;0.550155;50;1573102224;612;-110;
-0.114911;0.212767;0.550155;50;1573102224;651;-110;
-0.112347;0.216343;0.549856;51;1573102224;731;-110;
-0.112347;0.216343;0.549856;51;1573102224;774;-110;
-0.110264;0.212464;0.549108;50;1573102224;823;-110;
-0.110264;0.212464;0.549108;50;1573102224;873;-110;
-0.108849;0.210651;0.550011;47;1573102224;962;-110;
-0.110453;0.218906;0.549891;51;1573102225;3;-110;
-0.110453;0.218906;0.549891;51;1573102225;94;-110;
-0.107917;0.209029;0.549952;49;1573102225;178;-110;
-0.110619;0.218845;0.549673;56;1573102225;231;-110;
-0.110619;0.218845;0.549673;56;1573102225;266;-110;
-0.110619;0.218845;0.549673;56;1573102225;306;-110;
-0.10933;0.21116;0.549746;57;1573102225;352;-110;
-0.10933;0.21116;0.549746;57;1573102225;390;-110;
-0.11178;0.208142;0.549848;54;1573102225;494;-110;
-0.11178;0.208142;0.549848;54;1573102225;528;-110;
-0.108988;0.211166;0.549677;50;1573102225;619;-110;
-0.106821;0.211432;0.549617;47;1573102225;662;-110;
-0.106821;0.211432;0.549617;47;1573102225;702;-110;
-0.11772;0.209505;0.549566;19;1573102225;786;-110;
-0.11772;0.209505;0.549566;19;1573102225;822;-110;
-0.107807;0.210454;0.54993;49;1573102225;870;-110;
-0.107807;0.210454;0.54993;49;1573102225;950;-110;
-0.107097;0.211852;0.549888;58;1573102226;49;-110;
-0.111965;0.221425;0.550351;49;1573102226;132;-110;
-0.111923;0.212713;0.550383;47;1573102226;217;-110;
-0.111923;0.212713;0.550383;47;1573102226;260;-110;
-0.105277;0.216796;0.550015;50;1573102226;306;-110;
-0.105277;0.216796;0.550015;50;1573102226;403;-110;
-0.104686;0.218564;0.55012;53;1573102226;450;-110;
-0.105219;0.220783;0.549801;50;1573102226;545;-110;
-0.105219;0.220783;0.549801;50;1573102226;628;-110;
-0.10244;0.220932;0.550101;47;1573102226;674;-110;
-0.0975541;0.219895;0.549867;54;1573102226;681;-110;
-0.0975541;0.219895;0.549867;54;1573102226;686;-110;
-0.102986;0.215197;0.549917;47;1573102226;772;-110;
-0.0981426;0.213958;0.54983;50;1573102226;814;-110;
-0.0989034;0.219497;0.549973;48;1573102226;858;-110;
-0.0960769;0.215468;0.549091;62;1573102226;950;-110;
-0.095754;0.22574;0.549241;51;1573102226;996;-110;
-0.096888;0.219025;0.550398;47;1573102227;80;-110;
-0.096888;0.219025;0.550398;47;1573102227;166;-110;
-0.0903108;0.22528;0.550558;48;1573102227;205;-110;
-0.0903108;0.22528;0.550558;48;1573102227;296;-110;
-0.0936286;0.220948;0.549497;48;1573102227;390;-110;
-0.0895782;0.22684;0.550445;54;1573102227;436;-110;
-0.085292;0.224268;0.550557;59;1573102227;518;-110;
-0.0859758;0.231459;0.550406;50;1573102227;567;-110;
-0.0859758;0.231459;0.550406;50;1573102227;574;-110;
-0.0834077;0.227173;0.550589;51;1573102227;620;-110;
-0.0834077;0.227173;0.550589;51;1573102227;665;-110;
-0.0848797;0.218804;0.549393;48;1573102227;719;-110;
-0.0848797;0.218804;0.549393;48;1573102227;768;-110;
-0.0700216;0.23291;0.550384;63;1573102227;805;-110;
-0.0770305;0.233932;0.550011;52;1573102227;855;-110;
-0.0780321;0.228354;0.549907;48;1573102227;965;-110;
-0.0780321;0.228354;0.549907;48;1573102227;992;-110;
-0.0741987;0.240027;0.550878;52;1573102228;74;-110;
-0.0741987;0.240027;0.550878;52;1573102228;161;-110;
-0.0741987;0.240027;0.550878;52;1573102228;202;-110;
-0.082969;0.240359;0.54974;48;1573102228;251;-110;
-0.082969;0.240359;0.54974;48;1573102228;291;-110;
-0.063007;0.232013;0.550151;49;1573102228;375;-110;
-0.063007;0.232013;0.550151;49;1573102228;473;-110;
-0.0629996;0.228389;0.549247;48;1573102228;569;-110;
-0.0645918;0.231773;0.550322;48;1573102228;642;-110;
-0.0645918;0.231773;0.550322;48;1573102228;690;-110;
-0.0595994;0.232037;0.550245;51;1573102228;739;-110;
-0.0607309;0.232845;0.549705;57;1573102228;825;-110;
-0.0607309;0.232845;0.549705;57;1573102228;869;-110;
-0.0624746;0.230056;0.550349;51;1573102228;923;-110;
-0.0624746;0.230056;0.550349;51;1573102228;966;-110;
-0.0624746;0.230056;0.550349;51;1573102229;3;-110;
-0.0575617;0.229137;0.550212;53;1573102229;45;-110;
-0.0691251;0.237689;0.549888;50;1573102229;91;-110;
-0.0691251;0.237689;0.549888;50;1573102229;130;-110;
-0.0691251;0.237689;0.549888;50;1573102229;167;-110;
-0.0522309;0.223891;0.55036;63;1573102229;220;-110;
-0.0522309;0.223891;0.55036;63;1573102229;259;-110;
-0.0522309;0.223891;0.55036;63;1573102229;306;-110;
-0.0517126;0.221754;0.55078;54;1573102229;389;-110;
-0.0517126;0.221754;0.55078;54;1573102229;434;-110;
-0.0531291;0.23194;0.550205;58;1573102229;534;-110;
-0.0520499;0.228052;0.549525;49;1573102229;622;-110;
-0.0520499;0.228052;0.549525;49;1573102229;660;-110;
-0.0528317;0.231934;0.550023;48;1573102229;754;-110;
-0.0528317;0.231934;0.550023;48;1573102229;831;-110;
-0.0510592;0.226273;0.549714;51;1573102229;922;-110;
-0.0510592;0.226273;0.549714;51;1573102229;959;-110;
-0.051965;0.227119;0.550053;52;1573102230;19;-110;
-0.051965;0.227119;0.550053;52;1573102230;54;-110;
-0.051965;0.227119;0.550053;52;1573102230;98;-110;
-0.052786;0.221366;0.550261;51;1573102230;136;-110;
-0.052786;0.221366;0.550261;51;1573102230;219;-110;
-0.0558654;0.225068;0.549933;50;1573102230;304;-110;
-0.0550466;0.220531;0.549956;51;1573102230;352;-110;
-0.0550466;0.220531;0.549956;51;1573102230;400;-110;
-0.0578666;0.219164;0.550441;48;1573102230;451;-110;
-0.0576106;0.216601;0.549901;49;1573102230;544;-110;
-0.0620147;0.218935;0.549502;47;1573102230;589;-110;
-0.0636833;0.213844;0.550087;50;1573102230;642;-110;
-0.0636833;0.213844;0.550087;50;1573102230;686;-110;
-0.0732502;0.200873;0.549791;53;1573102230;726;-110;
-0.0908472;0.181233;0.551427;50;1573102230;828;-110;
-0.0840462;0.187129;0.549363;51;1573102230;920;-110;
-0.0847506;0.191895;0.549958;49;1573102230;964;-110;
-0.0878155;0.193977;0.551078;50;1573102231;60;-110;
-0.0856806;0.184492;0.549873;57;1573102231;145;-110;
-0.0844066;0.191416;0.550334;51;1573102231;190;-110;
-0.110272;0.182806;0.549569;44;1573102231;249;-110;
-0.0814927;0.190468;0.549039;82;1573102231;288;-110;
-0.084644;0.188132;0.550593;71;1573102231;375;-110;
-0.0828971;0.190822;0.548959;57;1573102231;464;-110;
-0.083205;0.188217;0.550491;52;1573102231;497;-110;
-0.0910322;0.18203;0.550377;49;1573102231;542;-110;
-0.0910322;0.18203;0.550377;49;1573102231;584;-110;
-0.0984486;0.18179;0.549665;60;1573102231;649;-110;
-0.10305;0.181637;0.549755;47;1573102231;693;-110;
-0.0946153;0.182193;0.548626;48;1573102231;735;-110;
-0.0894324;0.186164;0.550121;57;1573102231;830;-110;
-0.0867473;0.183879;0.550066;47;1573102231;877;-110;
-0.0867473;0.183879;0.550066;47;1573102231;916;-110;
-0.0918936;0.184287;0.549179;62;1573102231;970;-110;
-0.0879585;0.184898;0.550344;56;1573102232;20;-110;
-0.0733892;0.197158;0.550831;80;1573102232;26;-110;
-0.082707;0.18873;0.550193;70;1573102232;71;-110;
-0.082707;0.18873;0.550193;70;1573102232;111;-110;
-0.0770784;0.195371;0.549815;44;1573102232;153;-110;
-0.0896787;0.189228;0.549439;58;1573102232;196;-110;
-0.0495633;0.201005;0.550349;86;1573102232;249;-110;
-0.034253;0.141841;0.549963;3;1573102232;337;-110;
-0.0308625;0.145258;0.549945;4;1573102232;415;-110;
-0.0183369;0.150892;0.55003;6;1573102232;464;-110;
-0.0152065;0.171015;0.549975;6;1573102232;547;-110;
-0.0259373;0.182512;0.550187;7;1573102232;588;-110;
-0.0193578;0.193359;0.549938;10;1573102232;629;-110;
-0.0310776;0.197843;0.549983;7;1573102232;674;-110;
-0.0310776;0.197843;0.549983;7;1573102232;684;-110;
-0.0306737;0.178139;0.549888;2;1573102232;724;-110;
-0.0691834;0.214958;0.550569;45;1573102232;777;-110;
-0.125533;0.18583;0.549318;58;1573102232;866;-110;
-0.0557694;0.200899;0.550225;107;1573102232;945;-110;
-0.0757971;0.192794;0.550578;102;1573102232;985;-110;
-0.0757971;0.192794;0.550578;102;1573102233;25;-110;
-0.0853764;0.190185;0.549654;47;1573102233;82;-110;
-0.0947111;0.180101;0.550397;63;1573102233;128;-110;
-0.0949163;0.181698;0.549987;52;1573102233;170;-110;
-0.0957939;0.175811;0.551508;50;1573102233;263;-110;
-0.108558;0.18134;0.550394;10;1573102233;310;-110;
-0.126189;0.168091;0.549765;13;1573102233;349;-110;
-0.11741;0.169683;0.550048;48;1573102233;395;-110;
-0.122849;0.167737;0.550306;5;1573102233;484;-110;
-0.128025;0.158559;0.551113;55;1573102233;568;-110;
-0.124673;0.158998;0.549384;74;1573102233;657;-110;
-0.126294;0.15611;0.549977;65;1573102233;734;-110;
-0.124587;0.122598;0.550022;47;1573102233;808;-110;
-0.133463;0.111194;0.550006;53;1573102233;856;-110;
-0.145075;0.100464;0.549978;63;1573102233;940;-110;
-0.143994;0.100273;0.550017;57;1573102234;20;-110;
-0.149076;0.0933764;0.550004;59;1573102234;107;-110;
-0.145465;0.0926967;0.549999;57;1573102234;208;-110;
-0.0368217;0.12016;0.549943;80;1573102234;252;-110;
-0.00602663;-0.00568495;0.549969;8;1573102234;296;-110;
-0.011241;-0.00334282;0.550009;3;1573102234;386;-110;
0.105163;0.114142;0.550121;41;1573102234;430;-110;
0.105163;0.114142;0.550121;41;1573102234;540;-110;
0.067871;0.176164;0.549994;5;1573102234;583;-110;
0.067871;0.176164;0.549994;5;1573102234;630;-110;
0.0747117;0.171027;0.549767;3;1573102234;727;-110;
0.0576952;0.192215;0.54954;8;1573102234;771;-110;
0.0576952;0.192215;0.54954;8;1573102234;812;-110;
0.0528109;0.194342;0.550488;4;1573102234;871;-110;
0.0448765;0.195995;0.550415;10;1573102234;939;-110;
0.0476885;0.200116;0.550084;15;1573102234;984;-110;
0.0431949;0.196112;0.549934;9;1573102235;59;-110;
0.0280805;0.205087;0.549629;30;1573102235;145;-110;
0.0280805;0.205087;0.549629;30;1573102235;207;-110;
0.036742;0.20487;0.549635;40;1573102235;238;-110;
0.0443709;0.212038;0.550064;41;1573102235;294;-110;
0.0443709;0.212038;0.550064;41;1573102235;332;-110;
0.0274104;0.206587;0.549623;26;1573102235;385;-110;
0.00802055;0.263628;0.550352;56;1573102235;443;-110;
0.00802055;0.263628;0.550352;56;1573102235;482;-110;
-0.0243619;0.239145;0.550367;56;1573102235;603;-110;
-0.0243619;0.239145;0.550367;56;1573102235;648;-110;
-0.0268181;0.225085;0.549906;53;1573102235;739;-110;
-0.0268181;0.225085;0.549906;53;1573102235;830;-110;
-0.0255822;0.230381;0.550377;52;1573102235;892;-110;
-0.0255822;0.230381;0.550377;52;1573102235;929;-110;
-0.0285487;0.233942;0.550285;48;1573102236;20;-110;
-0.0285487;0.233942;0.550285;48;1573102236;100;-110;
-0.0285487;0.233942;0.550285;48;1573102236;192;-110;
-0.0306775;0.219251;0.54959;50;1573102236;241;-110;
-0.0306775;0.219251;0.54959;50;1573102236;302;-110;
-0.0329927;0.223293;0.549884;54;1573102236;399;-110;
-0.0329927;0.223293;0.549884;54;1573102236;434;-110;
-0.0321566;0.225388;0.550773;47;1573102236;538;-110;
-0.0321566;0.225388;0.550773;47;1573102236;574;-110;
-0.0344386;0.222875;0.549797;54;1573102236;625;-110;
-0.0344386;0.222875;0.549797;54;1573102236;632;-110;
-0.0344386;0.222875;0.549797;54;1573102236;677;-110;
-0.0344386;0.222875;0.549797;54;1573102236;715;-110;
-0.0696927;0.230233;0.550601;4;1573102236;812;-110;
-0.0412644;0.21719;0.549327;63;1573102236;850;-110;
-0.0436378;0.214818;0.550499;46;1573102236;931;-110;
-0.0436378;0.214818;0.550499;46;1573102237;23;-110;
-0.0439082;0.217522;0.549655;51;1573102237;74;-110;
-0.0439082;0.217522;0.549655;51;1573102237;113;-110;
-0.0509848;0.208641;0.550187;51;1573102237;199;-110;
-0.0509848;0.208641;0.550187;51;1573102237;236;-110;
-0.0501982;0.211141;0.549957;48;1573102237;287;-110;
-0.0501982;0.211141;0.549957;48;1573102237;326;-110;
-0.052556;0.209442;0.550247;60;1573102237;377;-110;
-0.052556;0.209442;0.550247;60;1573102237;416;-110;
-0.0538109;0.20843;0.550287;51;1573102237;510;-110;
-0.0569707;0.21226;0.548592;50;1573102237;555;-110;
-0.0569707;0.21226;0.548592;50;1573102237;594;-110;
-0.0563269;0.207185;0.550465;47;1573102237;639;-110;
-0.0563269;0.207185;0.550465;47;1573102237;684;-110;
-0.0603732;0.20774;0.551359;54;1573102237;733;-110;
-0.058757;0.205869;0.549069;52;1573102237;827;-110;
-0.058757;0.205869;0.549069;52;1573102237;866;-110;
-0.0625594;0.199679;0.550207;48;1573102237;914;-110;
-0.0596098;0.204655;0.549878;48;1573102238;1;-110;
-0.0609061;0.206898;0.55059;57;1573102238;47;-110;
-0.0623531;0.206044;0.549696;50;1573102238;130;-110;
-0.0628465;0.207817;0.549276;50;1573102238;172;-110;
-0.0628465;0.207817;0.549276;50;1573102238;216;-110;
-0.0651139;0.196327;0.549568;51;1573102238;263;-110;
-0.0669412;0.200702;0.551193;53;1573102238;350;-110;
-0.0659268;0.193293;0.54978;49;1573102238;392;-110;
-0.0719596;0.20416;0.550129;47;1573102238;484;-110;
-0.06606;0.202226;0.549546;55;1573102238;528;-110;
-0.06606;0.202226;0.549546;55;1573102238;574;-110;
-0.0642854;0.196858;0.549396;52;1573102238;620;-110;
-0.0663047;0.200105;0.550213;49;1573102238;699;-110;
-0.065644;0.195684;0.550522;55;1573102238;790;-110;
-0.0700649;0.196018;0.549736;53;1573102238;825;-110;
-0.0683418;0.199565;0.549264;56;1573102238;874;-110;
-0.0690085;0.198183;0.549767;53;1573102238;915;-110;
-0.06643;0.191948;0.551116;50;1573102239;5;-110;
-0.06643;0.191948;0.551116;50;1573102239;43;-110;
-0.0718433;0.202495;0.549593;53;1573102239;88;-110;
-0.0653712;0.195422;0.54973;47;1573102239;184;-110;
-0.0662855;0.196921;0.55028;53;1573102239;275;-110;
-0.0662855;0.196921;0.55028;53;1573102239;282;-110;
-0.0662855;0.196921;0.55028;53;1573102239;323;-110;
-0.0606467;0.196402;0.550721;61;1573102239;372;-110;
-0.0635925;0.1995;0.549805;53;1573102239;409;-110;
-0.0635925;0.1995;0.549805;53;1573102239;452;-110;
-0.0654402;0.194878;0.550513;61;1573102239;498;-110;
-0.0654402;0.194878;0.550513;61;1573102239;503;-110;
-0.0604329;0.192275;0.549456;51;1573102239;581;-110;
-0.0719696;0.188633;0.55018;19;1573102239;633;-110;
-0.0759056;0.194331;0.549833;10;1573102239;676;-110;
-0.059157;0.192216;0.550544;43;1573102239;764;-110;
-0.0604128;0.192665;0.550235;43;1573102239;808;-110;
-0.0604128;0.192665;0.550235;43;1573102239;814;-110;
-0.0597628;0.192887;0.549298;55;1573102239;860;-110;
-0.0635689;0.194109;0.548777;39;1573102239;902;-110;
-0.0688285;0.192726;0.550327;20;1573102239;997;-110;
-0.0578689;0.192473;0.549725;44;1573102240;36;-110;
-0.0578689;0.192473;0.549725;44;1573102240;42;-110;
-0.0569597;0.207033;0.550928;46;1573102240;123;-110;
-0.0643837;0.204296;0.550149;35;1573102240;170;-110;
-0.0536904;0.20238;0.550091;46;1573102240;217;-110;
-0.0726716;0.187685;0.549879;6;1573102240;262;-110;
-0.0663284;0.190147;0.549928;8;1573102240;301;-110;
-0.0504321;0.202091;0.549321;35;1573102240;341;-110;
-0.0610397;0.19033;0.549325;33;1573102240;443;-110;
-0.0704873;0.193782;0.549285;17;1573102240;524;-110;
-0.0589089;0.191453;0.550093;28;1573102240;613;-110;
-0.070177;0.208164;0.549932;29;1573102240;654;-110;
-0.0528246;0.190815;0.549774;29;1573102240;732;-110;
-0.0520619;0.189365;0.550066;28;1573102240;770;-110;
-0.0629514;0.193145;0.54997;26;1573102240;807;-110;
-0.0570648;0.191823;0.550872;34;1573102240;855;-110;
-0.0615676;0.195113;0.549895;7;1573102240;944;-110;
-0.0553738;0.193041;0.550176;28;1573102241;38;-110;
-0.0643061;0.20673;0.550294;26;1573102241;124;-110;
-0.0553298;0.19549;0.549935;31;1573102241;219;-110;
-0.0487067;0.193539;0.549893;25;1573102241;296;-110;
-0.0556638;0.197106;0.549064;34;1573102241;390;-110;
-0.0525988;0.193541;0.550201;31;1573102241;474;-110;
-0.0584294;0.195951;0.54977;16;1573102241;574;-110;
-0.0585547;0.196486;0.548807;31;1573102241;656;-110;
-0.0488964;0.193329;0.550329;33;1573102241;697;-110;
-0.0488964;0.193329;0.550329;33;1573102241;741;-110;
-0.0509593;0.19703;0.549491;35;1573102241;835;-110;
-0.0611816;0.200934;0.54966;10;1573102241;913;-110;
-0.0451706;0.212218;0.550413;58;1573102241;966;-110;
-0.0540594;0.210857;0.550471;42;1573102242;44;-110;
-0.0615337;0.201028;0.549632;30;1573102242;90;-110;
-0.0565343;0.201106;0.549652;35;1573102242;133;-110;
-0.0536081;0.199749;0.549974;34;1573102242;181;-110;
-0.0589398;0.203234;0.550074;38;1573102242;228;-110;
-0.0766739;0.214833;0.550042;24;1573102242;312;-110;
-0.0651582;0.219718;0.550174;49;1573102242;355;-110;
-0.0541501;0.202481;0.550235;50;1573102242;434;-110;
-0.0541501;0.202481;0.550235;50;1573102242;482;-110;
-0.0539695;0.199804;0.54945;38;1573102242;567;-110;
-0.0537553;0.204412;0.549981;42;1573102242;623;-110;
-0.0537553;0.204412;0.549981;42;1573102242;658;-110;
-0.056872;0.206954;0.54961;46;1573102242;710;-110;
-0.0537827;0.207871;0.549861;46;1573102242;748;-110;
-0.0537827;0.207871;0.549861;46;1573102242;790;-110;
-0.0546378;0.213298;0.549219;47;1573102242;874;-110;
-0.0546378;0.213298;0.549219;47;1573102242;918;-110;
-0.0553082;0.214496;0.549783;50;1573102243;6;-110;
-0.0556383;0.218938;0.550238;57;1573102243;95;-110;
-0.0556383;0.218938;0.550238;57;1573102243;141;-110;
-0.0568994;0.21343;0.550263;50;1573102243;187;-110;
-0.0622877;0.223498;0.550086;48;1573102243;271;-110;
-0.0580504;0.225983;0.549151;54;1573102243;317;-110;
-0.0574988;0.214211;0.549937;54;1573102243;371;-110;
-0.0574988;0.214211;0.549937;54;1573102243;450;-110;
-0.0618039;0.227624;0.55067;50;1573102243;537;-110;
-0.0618039;0.227624;0.55067;50;1573102243;579;-110;
-0.0590941;0.22617;0.549659;56;1573102243;626;-110;
-0.0590941;0.22617;0.549659;56;1573102243;674;-110;
-0.0634076;0.228664;0.54879;53;1573102243;753;-110;
-0.0634076;0.228664;0.54879;53;1573102243;841;-110;
-0.0608337;0.225313;0.550277;50;1573102243;885;-110;
-0.0608337;0.225313;0.550277;50;1573102243;923;-110;
-0.0608337;0.225313;0.550277;50;1573102243;962;-110;
-0.0616025;0.23078;0.549246;53;1573102244;7;-110;
-0.0616025;0.23078;0.549246;53;1573102244;46;-110;
-0.0616025;0.23078;0.549246;53;1573102244;96;-110;
-0.0621333;0.232522;0.550136;52;1573102244;185;-110;
-0.0621333;0.232522;0.550136;52;1573102244;266;-110;
-0.063551;0.234839;0.549868;49;1573102244;309;-110;
-0.063551;0.234839;0.549868;49;1573102244;351;-110;
-0.063551;0.234839;0.549868;49;1573102244;392;-110;
-0.062396;0.23514;0.550049;53;1573102244;476;-110;
-0.062396;0.23514;0.550049;53;1573102244;551;-110;
-0.0630264;0.239704;0.549587;50;1573102244;637;-110;
-0.0630264;0.239704;0.549587;50;1573102244;675;-110;
-0.0641705;0.233525;0.550057;47;1573102244;752;-110;
-0.0641705;0.233525;0.550057;47;1573102244;791;-110;
-0.062853;0.236012;0.550325;49;1573102244;882;-110;
-0.062853;0.236012;0.550325;49;1573102244;925;-110;
-0.062853;0.236012;0.550325;49;1573102244;968;-110;
-0.0629785;0.237707;0.54972;53;1573102245;18;-110;
-0.0629785;0.237707;0.54972;53;1573102245;104;-110;
-0.0637797;0.236762;0.549938;49;1573102245;154;-110;
-0.0637797;0.236762;0.549938;49;1573102245;196;-110;
-0.0637797;0.236762;0.549938;49;1573102245;235;-110;
-0.0640624;0.238844;0.549634;48;1573102245;318;-110;
-0.0640624;0.238844;0.549634;48;1573102245;399;-110;
-0.0649465;0.240788;0.549792;51;1573102245;486;-110;
-0.0644465;0.249109;0.548916;48;1573102245;585;-110;
-0.0644465;0.249109;0.548916;48;1573102245;625;-110;
-0.0644465;0.249109;0.548916;48;1573102245;707;-110;
-0.0666105;0.250061;0.548744;50;1573102245;747;-110;
-0.0666105;0.250061;0.548744;50;1573102245;786;-110;
-0.0666105;0.250061;0.548744;50;1573102245;832;-110;
-0.0668405;0.254831;0.550106;49;1573102245;878;-110;
-0.0668405;0.254831;0.550106;49;1573102245;884;-110;
-0.0668405;0.254831;0.550106;49;1573102245;891;-110;
-0.0668405;0.254831;0.550106;49;1573102245;899;-110;
-0.0668405;0.254831;0.550106;49;1573102245;944;-110;
-0.0638557;0.251273;0.550035;49;1573102246;31;-110;
-0.0638557;0.251273;0.550035;49;1573102246;63;-110;
-0.0638557;0.251273;0.550035;49;1573102246;153;-110;
-0.063164;0.256083;0.550029;52;1573102246;236;-110;
-0.063164;0.256083;0.550029;52;1573102246;278;-110;
-0.0646032;0.253678;0.549889;51;1573102246;318;-110;
-0.0646032;0.253678;0.549889;51;1573102246;363;-110;
-0.0646032;0.253678;0.549889;51;1573102246;402;-110;
-0.0713281;0.251702;0.550533;47;1573102246;490;-110;
-0.0713281;0.251702;0.550533;47;1573102246;532;-110;
-0.0713281;0.251702;0.550533;47;1573102246;579;-110;
-0.0676518;0.254132;0.549993;54;1573102246;631;-110;
-0.0676518;0.254132;0.549993;54;1573102246;674;-110;
-0.0676518;0.254132;0.549993;54;1573102246;711;-110;
-0.0689687;0.263254;0.550143;53;1573102246;760;-110;
-0.0689687;0.263254;0.550143;53;1573102246;767;-110;
-0.0689687;0.263254;0.550143;53;1573102246;840;-110;
-0.0710284;0.26296;0.550412;49;1573102246;894;-110;
-0.0710284;0.26296;0.550412;49;1573102246;934;-110;
-0.0710284;0.26296;0.550412;49;1573102246;973;-110;
-0.076225;0.269519;0.551217;48;1573102247;67;-110;
-0.0712363;0.269202;0.551105;53;1573102247;114;-110;
-0.0712363;0.269202;0.551105;53;1573102247;151;-110;
-0.0753806;0.2669;0.549001;51;1573102247;202;-110;
-0.0753806;0.2669;0.549001;51;1573102247;245;-110;
-0.0753806;0.2669;0.549001;51;1573102247;290;-110;
-0.0731989;0.268149;0.549948;47;1573102247;335;-110;
-0.0731989;0.268149;0.549948;47;1573102247;377;-110;
-0.0731989;0.268149;0.549948;47;1573102247;424;-110;
-0.0720652;0.269141;0.549781;53;1573102247;469;-110;
-0.0720652;0.269141;0.549781;53;1573102247;510;-110;
-0.0720652;0.269141;0.549781;53;1573102247;553;-110;
-0.0729378;0.266295;0.550006;50;1573102247;648;-110;
-0.0729378;0.266295;0.550006;50;1573102247;686;-110;
-0.0777245;0.265949;0.549587;53;1573102247;729;-110;
-0.0777245;0.265949;0.549587;53;1573102247;766;-110;
-0.0777245;0.265949;0.549587;53;1573102247;806;-110;
-0.0745081;0.26752;0.549188;61;1573102247;893;-110;
-0.0745081;0.26752;0.549188;61;1573102247;978;-110;
-0.0732142;0.274928;0.550137;50;1573102248;23;-110;
-0.0732142;0.274928;0.550137;50;1573102248;107;-110;
-0.0781197;0.266009;0.549092;52;1573102248;186;-110;
-0.0781197;0.266009;0.549092;52;1573102248;227;-110;
-0.0781197;0.266009;0.549092;52;1573102248;267;-110;
-0.0740726;0.271594;0.549688;51;1573102248;328;-110;
-0.0740726;0.271594;0.549688;51;1573102248;368;-110;
-0.0749548;0.268887;0.550306;53;1573102248;464;-110;
-0.0749548;0.268887;0.550306;53;1573102248;470;-110;
-0.0749548;0.268887;0.550306;53;1573102248;507;-110;
-0.0746695;0.276242;0.550876;59;1573102248;596;-110;
-0.0746695;0.276242;0.550876;59;1573102248;673;-110;
-0.0757446;0.271807;0.54882;50;1573102248;768;-110;
-0.0757446;0.271807;0.54882;50;1573102248;804;-110;
-0.0770607;0.270426;0.55039;50;1573102248;908;-110;
-0.0770607;0.270426;0.55039;50;1573102248;944;-110;
-0.0796484;0.278391;0.550443;49;1573102249;43;-110;
-0.0796484;0.278391;0.550443;49;1573102249;80;-110;
-0.0796484;0.278391;0.550443;49;1573102249;123;-110;
-0.077549;0.276181;0.549741;53;1573102249;178;-110;
-0.077549;0.276181;0.549741;53;1573102249;218;-110;
-0.0795777;0.279971;0.549595;49;1573102249;319;-110;
-0.0795777;0.279971;0.549595;49;1573102249;357;-110;
-0.0795777;0.279971;0.549595;49;1573102249;395;-110;
-0.0809546;0.277692;0.549713;47;1573102249;432;-110;
-0.0809546;0.277692;0.549713;47;1573102249;479;-110;
-0.0809546;0.277692;0.549713;47;1573102249;518;-110;
-0.0809546;0.277692;0.549713;47;1573102249;558;-110;
-0.0822369;0.28217;0.549778;47;1573102249;596;-110;
-0.0822369;0.28217;0.549778;47;1573102249;641;-110;
-0.0822369;0.28217;0.549778;47;1573102249;716;-110;
-0.0841085;0.280148;0.549848;53;1573102249;809;-110;
-0.0841085;0.280148;0.549848;53;1573102249;851;-110;
-0.0869331;0.277512;0.55021;49;1573102249;947;-110;
-0.0869331;0.277512;0.55021;49;1573102249;988;-110;
-0.0890479;0.286115;0.550319;49;1573102250;39;-110;
-0.0890479;0.286115;0.550319;49;1573102250;76;-110;
-0.0890479;0.286115;0.550319;49;1573102250;121;-110;
-0.0872701;0.284118;0.549967;60;1573102250;221;-110;
-0.0872701;0.284118;0.549967;60;1573102250;256;-110;
-0.0872592;0.286164;0.54972;48;1573102250;314;-110;
-0.0872592;0.286164;0.54972;48;1573102250;351;-110;
-0.0891592;0.28617;0.550691;50;1573102250;437;-110;
-0.0891592;0.28617;0.550691;50;1573102250;518;-110;
-0.0891592;0.28617;0.550691;50;1573102250;563;-110;
-0.0904806;0.290007;0.549736;49;1573102250;610;-110;
-0.0904806;0.290007;0.549736;49;1573102250;687;-110;
-0.0876288;0.285918;0.549686;49;1573102250;784;-110;
-0.0876288;0.285918;0.549686;49;1573102250;822;-110;
-0.0876288;0.285918;0.549686;49;1573102250;857;-110;
-0.086418;0.289293;0.549836;56;1573102250;907;-110;
-0.086418;0.289293;0.549836;56;1573102250;957;-110;
-0.086418;0.289293;0.549836;56;1573102250;999;-110;
-0.0861893;0.288607;0.549896;49;1573102251;97;-110;
-0.0861893;0.288607;0.549896;49;1573102251;150;-110;
-0.0861893;0.288607;0.549896;49;1573102251;187;-110;
-0.0865865;0.286649;0.54874;49;1573102251;234;-110;
-0.0865865;0.286649;0.54874;49;1573102251;281;-110;
-0.0865865;0.286649;0.54874;49;1573102251;340;-110;
-0.0865865;0.286649;0.54874;49;1573102251;376;-110;
-0.0869064;0.291968;0.549122;53;1573102251;430;-110;
-0.0869064;0.291968;0.549122;53;1573102251;471;-110;
-0.0869064;0.291968;0.549122;53;1573102251;525;-110;
-0.0868112;0.289604;0.55011;51;1573102251;581;-110;
-0.0868112;0.289604;0.55011;51;1573102251;644;-110;
-0.0868112;0.289604;0.55011;51;1573102251;684;-110;
-0.0871217;0.285098;0.549652;59;1573102251;735;-110;
-0.0871217;0.285098;0.549652;59;1573102251;780;-110;
-0.0871217;0.285098;0.549652;59;1573102251;822;-110;
-0.0849471;0.28945;0.550126;53;1573102251;860;-110;
-0.0849471;0.28945;0.550126;53;1573102251;908;-110;
-0.0807542;0.292173;0.550174;60;1573102251;946;-110;
-0.0870393;0.286789;0.550597;49;1573102252;8;-110;
-0.0870393;0.286789;0.550597;49;1573102252;86;-110;
-0.0823491;0.288521;0.550579;50;1573102252;130;-110;
-0.083011;0.286909;0.550538;51;1573102252;214;-110;
-0.0780337;0.28644;0.550617;53;1573102252;257;-110;
-0.0819055;0.291229;0.550945;48;1573102252;303;-110;
-0.0819055;0.291229;0.550945;48;1573102252;358;-110;
-0.0799267;0.283872;0.550074;49;1573102252;453;-110;
-0.0799267;0.283872;0.550074;49;1573102252;507;-110;
-0.0751409;0.285307;0.550267;55;1573102252;552;-110;
-0.0789609;0.286529;0.549438;58;1573102252;604;-110;
-0.07406;0.28554;0.549502;62;1573102252;650;-110;
-0.0785503;0.284637;0.551346;66;1573102252;751;-110;
-0.0739054;0.282883;0.550759;72;1573102252;785;-110;
-0.0756121;0.283099;0.549474;51;1573102252;900;-110;
-0.0717598;0.286285;0.54937;60;1573102252;939;-110;
-0.0717598;0.286285;0.54937;60;1573102253;22;-110;
-0.0689749;0.289229;0.549009;49;1573102253;61;-110;
-0.0689749;0.289229;0.549009;49;1573102253;152;-110;
-0.0671066;0.286709;0.550064;56;1573102253;250;-110;
-0.0687094;0.291295;0.549967;52;1573102253;340;-110;
-0.0687094;0.291295;0.549967;52;1573102253;398;-110;
-0.0665265;0.289154;0.549296;54;1573102253;437;-110;
-0.0605029;0.286839;0.549805;52;1573102253;515;-110;
-0.0605029;0.286839;0.549805;52;1573102253;555;-110;
-0.0605029;0.286839;0.549805;52;1573102253;600;-110;
-0.0578032;0.278535;0.550393;55;1573102253;704;-110;
-0.0529126;0.277503;0.550519;66;1573102253;741;-110;
-0.0505303;0.277024;0.549997;63;1573102253;787;-110;
-0.0505303;0.277024;0.549997;63;1573102253;876;-110;
-0.0505303;0.277024;0.549997;63;1573102253;916;-110;
-0.0483489;0.276996;0.549185;77;1573102253;999;-110;
-0.0483489;0.276996;0.549185;77;1573102254;45;-110;
-0.0458906;0.281997;0.549743;51;1573102254;97;-110;
-0.0458906;0.281997;0.549743;51;1573102254;146;-110;
-0.0458906;0.281997;0.549743;51;1573102254;188;-110;
-0.0623165;0.276066;0.550164;4;1573102254;230;-110;
-0.0623165;0.276066;0.550164;4;1573102254;319;-110;
-0.0581558;0.284397;0.550503;49;1573102254;406;-110;
-0.0581558;0.284397;0.550503;49;1573102254;462;-110;
-0.0581558;0.284397;0.550503;49;1573102254;502;-110;
-0.0408413;0.279113;0.549431;51;1573102254;592;-110;
-0.0408413;0.279113;0.549431;51;1573102254;636;-110;
-0.0470903;0.272109;0.549821;52;1573102254;720;-110;
-0.0425722;0.274178;0.549267;56;1573102254;760;-110;
-0.0425722;0.274178;0.549267;56;1573102254;809;-110;
-0.042276;0.273588;0.549753;48;1573102254;848;-110;
-0.042276;0.273588;0.549753;48;1573102254;938;-110;
-0.0555051;0.263872;0.549939;34;1573102255;12;-110;
-0.0555051;0.263872;0.549939;34;1573102255;125;-110;
-0.052927;0.259589;0.549816;49;1573102255;165;-110;
-0.0434277;0.26848;0.549708;49;1573102255;258;-110;
-0.0434277;0.26848;0.549708;49;1573102255;345;-110;
-0.0416315;0.266144;0.550292;50;1573102255;441;-110;
-0.0477768;0.27585;0.549471;49;1573102255;529;-110;
-0.0477768;0.27585;0.549471;49;1573102255;618;-110;
-0.0477768;0.27585;0.549471;49;1573102255;693;-110;
-0.0461192;0.273507;0.550511;49;1573102255;795;-110;
-0.0461192;0.273507;0.550511;49;1573102255;837;-110;
-0.0470925;0.258388;0.549552;49;1573102255;930;-110;
-0.0470925;0.258388;0.549552;49;1573102256;28;-110;
-0.0416111;0.26044;0.54983;69;1573102256;120;-110;
-0.0416111;0.26044;0.54983;69;1573102256;175;-110;
-0.0410509;0.263581;0.549028;52;1573102256;263;-110;
-0.0410509;0.263581;0.549028;52;1573102256;340;-110;
-0.0407984;0.262071;0.549742;61;1573102256;442;-110;
-0.0407984;0.262071;0.549742;61;1573102256;487;-110;
-0.0421569;0.263831;0.551232;49;1573102256;609;-110;
-0.0461533;0.263532;0.55009;48;1573102256;639;-110;
-0.0456989;0.25769;0.549986;53;1573102256;730;-110;
-0.0425892;0.253788;0.549664;54;1573102256;769;-110;
-0.0502537;0.245498;0.550047;68;1573102256;825;-110;
-0.0551463;0.244581;0.549577;61;1573102256;878;-110;
-0.0596001;0.247117;0.549978;47;1573102256;983;-110;
-0.0636396;0.246045;0.550129;6;1573102257;34;-110;
-0.0636396;0.246045;0.550129;6;1573102257;74;-110;
-0.0712203;0.221931;0.550021;51;1573102257;187;-110;
-0.0705474;0.219751;0.549956;59;1573102257;283;-110;
-0.0753448;0.220996;0.550617;48;1573102257;322;-110;
-0.0943304;0.197197;0.550326;49;1573102257;437;-110;
-0.0943304;0.197197;0.550326;49;1573102257;490;-110;
-0.0941938;0.19842;0.549533;60;1573102257;555;-110;
-0.10131;0.196683;0.549853;47;1573102257;646;-110;
-0.101524;0.192214;0.550218;49;1573102257;693;-110;
-0.11046;0.186352;0.549665;62;1573102257;806;-110;
-0.113168;0.183544;0.550195;54;1573102257;908;-110;
-0.126113;0.172244;0.550857;55;1573102258;17;-110;
-0.133478;0.173983;0.550582;42;1573102258;52;-110;
-0.133141;0.159824;0.549749;49;1573102258;95;-110;
-0.137112;0.159458;0.549784;50;1573102258;195;-110;
-0.137112;0.159458;0.549784;50;1573102258;230;-110;
-0.157584;0.137251;0.549241;49;1573102258;335;-110;
-0.156412;0.136186;0.54967;62;1573102258;434;-110;
-0.147072;0.139665;0.550311;74;1573102258;532;-110;
-0.147072;0.139665;0.550311;74;1573102258;563;-110;
-0.161869;0.128312;0.550172;11;1573102258;657;-110;
-0.150335;0.132601;0.55052;51;1573102258;704;-110;
-0.160906;0.131787;0.549252;58;1573102258;758;-110;
-0.0960022;0.0482546;0.550042;3;1573102258;802;-110;
-0.0980012;0.0569161;0.55;4;1573102258;896;-110;
-0.0942117;0.0583321;0.550012;4;1573102258;987;-110;
-0.0875845;0.0519246;0.549972;3;1573102259;31;-110;
-0.0786476;0.0563954;0.549946;5;1573102259;73;-110;
-0.0724484;0.0604954;0.550053;5;1573102259;205;-110;
-0.0590641;0.067232;0.550074;8;1573102259;661;-110;
-0.0590641;0.067232;0.550074;8;1573102259;710;-110;
-0.0381507;0.0205731;0.549998;2;1573102259;759;-110;
-0.0226494;0.0329412;0.550059;6;1573102259;803;-110;
-0.0321936;0.157387;0.550515;157;1573102259;843;-110;
-0.0195477;0.0343787;0.549995;2;1573102259;919;-110;
0.00160944;0.0489014;0.550017;11;1573102259;962;-110;
0.00376954;0.0438584;0.550017;3;1573102260;8;-110;
0.00414066;0.0432205;0.549993;3;1573102260;91;-110;
0.00318431;0.0452492;0.550001;3;1573102260;135;-110;
0.00399831;0.0447938;0.550032;3;1573102260;177;-110;
0.000198588;0.0671759;0.550015;7;1573102260;225;-110;
0.00315312;0.059069;0.550056;3;1573102260;260;-110;
0.0046171;0.058342;0.550008;3;1573102260;318;-110;
0.0142555;0.0686673;0.549924;6;1573102260;410;-110;
0.00191488;0.0731431;0.55001;2;1573102260;459;-110;
0.00793212;0.07145;0.549891;7;1573102260;499;-110;
0.00143521;0.0766394;0.549979;3;1573102260;549;-110;
0.00685685;0.0877008;0.549942;6;1573102260;602;-110;
0.00432108;0.0935782;0.550002;3;1573102260;650;-110;
-0.00147093;0.0903571;0.550013;3;1573102260;698;-110;
-0.00652709;0.0941287;0.549986;3;1573102260;799;-110;
-0.000304335;0.101478;0.550042;5;1573102260;891;-110;
0.00491842;0.0992487;0.550015;3;1573102260;984;-110;
-0.00508966;0.108669;0.550046;3;1573102261;22;-110;
0.00487666;0.114169;0.54991;6;1573102261;71;-110;
0.00487666;0.114169;0.54991;6;1573102261;114;-110;
-0.00762573;0.124195;0.549993;3;1573102261;163;-110;
-0.0140307;0.124632;0.550003;3;1573102261;253;-110;
-0.00762949;0.134701;0.550087;6;1573102261;296;-110;
-0.0113692;0.136413;0.549977;3;1573102261;393;-110;
-0.0111266;0.136128;0.550033;3;1573102261;445;-110;
-0.0219236;0.140747;0.549953;3;1573102261;552;-110;
-0.0118817;0.145503;0.550001;6;1573102261;601;-110;
-0.0194486;0.15177;0.549917;3;1573102261;700;-110;
-0.0207195;0.148252;0.549886;3;1573102261;781;-110;
-0.0265433;0.148084;0.549966;3;1573102261;873;-110;
-0.0272732;0.157721;0.550028;5;1573102261;911;-110;
-0.0369287;0.170174;0.549972;5;1573102261;968;-110;
-0.033127;0.168767;0.550035;4;1573102262;23;-110;
-0.0387773;0.196546;0.550301;17;1573102262;91;-110;
-0.0535627;0.19419;0.550694;14;1573102262;133;-110;
-0.0535627;0.19419;0.550694;14;1573102262;171;-110;
-0.0497342;0.206716;0.549809;4;1573102262;275;-110;
-0.0675574;0.218496;0.549671;48;1573102262;317;-110;
-0.0675574;0.218496;0.549671;48;1573102262;419;-110;
-0.0720219;0.217902;0.548838;47;1573102262;463;-110;
-0.0800533;0.219462;0.550351;52;1573102262;556;-110;
-0.082696;0.214517;0.551005;64;1573102262;653;-110;
-0.082696;0.214517;0.551005;64;1573102262;704;-110;
-0.0872422;0.215464;0.550117;52;1573102262;760;-110;
-0.0932592;0.21211;0.549842;48;1573102262;856;-110;
-0.0932592;0.21211;0.549842;48;1573102262;891;-110;
-0.0955455;0.210846;0.549837;49;1573102262;997;-110;
-0.100727;0.208115;0.549627;52;1573102263;95;-110;
-0.105708;0.202078;0.549875;48;1573102263;184;-110;
-0.10583;0.205849;0.550008;50;1573102263;288;-110;
-0.10583;0.205849;0.550008;50;1573102263;323;-110;
-0.110766;0.206523;0.550047;52;1573102263;428;-110;
-0.113755;0.201941;0.549474;50;1573102263;520;-110;
-0.116249;0.198381;0.550248;48;1573102263;615;-110;
-0.117647;0.199273;0.550524;52;1573102263;664;-110;
-0.117647;0.199273;0.550524;52;1573102263;713;-110;
-0.119267;0.201374;0.55053;53;1573102263;760;-110;
-0.123635;0.203623;0.550219;52;1573102263;855;-110;
-0.123635;0.203623;0.550219;52;1573102263;900;-110;
-0.135743;0.207133;0.549778;50;1573102263;987;-110;
-0.141752;0.191968;0.55041;51;1573102264;33;-110;
-0.135808;0.1968;0.549904;58;1573102264;141;-110;
-0.133925;0.204615;0.550063;60;1573102264;228;-110;
-0.135559;0.199844;0.550028;53;1573102264;337;-110;
-0.136984;0.197807;0.549932;49;1573102264;448;-110;
-0.138949;0.197325;0.549813;53;1573102264;498;-110;
-0.138949;0.197325;0.549813;53;1573102264;549;-110;
-0.13923;0.199228;0.549888;49;1573102264;636;-110;
-0.149475;0.195183;0.550373;48;1573102264;738;-110;
-0.145056;0.205828;0.550035;49;1573102264;812;-110;
-0.145056;0.205828;0.550035;49;1573102264;860;-110;
-0.14477;0.197499;0.550072;59;1573102264;961;-110;
-0.146829;0.207831;0.550054;54;1573102265;39;-110;
-0.14479;0.202152;0.549722;50;1573102265;137;-110;
-0.144427;0.200508;0.550049;49;1573102265;239;-110;
-0.144427;0.200508;0.550049;49;1573102265;282;-110;
-0.147688;0.199014;0.549848;51;1573102265;388;-110;
-0.145131;0.197858;0.550121;52;1573102265;523;-110;
-0.14855;0.198788;0.550938;58;1573102265;647;-110;
-0.144137;0.203198;0.550608;53;1573102265;736;-110;
-0.14349;0.20427;0.550251;48;1573102265;794;-110;
-0.13853;0.204902;0.55017;52;1573102265;844;-110;
-0.138028;0.204656;0.550283;53;1573102265;942;-110;
-0.138028;0.204656;0.550283;53;1573102265;988;-110;
-0.144363;0.19956;0.550021;48;1573102266;36;-110;
-0.139438;0.206053;0.549497;53;1573102266;131;-110;
-0.13874;0.200334;0.550173;50;1573102266;184;-110;
-0.13874;0.200334;0.550173;50;1573102266;224;-110;
-0.133786;0.205149;0.550036;55;1573102266;326;-110;
-0.137293;0.20771;0.550017;51;1573102266;381;-110;
-0.137293;0.20771;0.550017;51;1573102266;455;-110;
-0.136754;0.20151;0.549857;54;1573102266;512;-110;
-0.136766;0.213788;0.549511;54;1573102266;650;-110;
-0.133781;0.211422;0.550859;53;1573102266;696;-110;
-0.133781;0.211422;0.550859;53;1573102266;762;-110;
-0.134204;0.20812;0.550238;52;1573102266;806;-110;
-0.134204;0.20812;0.550238;52;1573102266;887;-110;
-0.132832;0.212944;0.550114;48;1573102266;901;-110;
-0.132832;0.212944;0.550114;48;1573102266;938;-110;
-0.128044;0.211836;0.551034;49;1573102266;981;-110;
-0.132963;0.209804;0.550055;47;1573102267;30;-110;
-0.132963;0.209804;0.550055;47;1573102267;77;-110;
-0.136804;0.205494;0.550271;46;1573102267;129;-110;
-0.136804;0.205494;0.550271;46;1573102267;170;-110;
-0.128095;0.214072;0.550185;53;1573102267;279;-110;
-0.12338;0.212411;0.550264;57;1573102267;311;-110;
-0.128733;0.210783;0.548999;53;1573102267;428;-110;
-0.12591;0.214811;0.549706;49;1573102267;497;-110;
-0.12591;0.214811;0.549706;49;1573102267;547;-110;
-0.12522;0.212665;0.550336;50;1573102267;602;-110;
-0.12522;0.212665;0.550336;50;1573102267;654;-110;
-0.127966;0.21456;0.549439;52;1573102267;763;-110;
-0.124382;0.215971;0.550332;52;1573102267;818;-110;
-0.124382;0.215971;0.550332;52;1573102267;861;-110;
-0.124353;0.21466;0.549175;55;1573102267;958;-110;
-0.124353;0.21466;0.549175;55;1573102267;996;-110;
-0.123327;0.211208;0.548847;50;1573102268;50;-110;
-0.123327;0.211208;0.548847;50;1573102268;100;-110;
-0.11835;0.211186;0.549324;52;1573102268;164;-110;
-0.117915;0.225505;0.549238;50;1573102268;210;-110;
-0.117915;0.225505;0.549238;50;1573102268;240;-110;
-0.117915;0.225505;0.549238;50;1573102268;281;-110;
-0.112919;0.223998;0.550657;55;1573102268;329;-110;
-0.112919;0.223998;0.550657;55;1573102268;369;-110;
-0.112919;0.223998;0.550657;55;1573102268;411;-110;
-0.1186;0.229556;0.550702;60;1573102268;516;-110;
-0.121377;0.21295;0.551356;47;1573102268;614;-110;
-0.110257;0.221766;0.551243;50;1573102268;672;-110;
-0.110257;0.221766;0.551243;50;1573102268;724;-110;
-0.105033;0.215173;0.551038;54;1573102268;777;-110;
-0.105033;0.215173;0.551038;54;1573102268;826;-110;
-0.10693;0.211164;0.549944;52;1573102268;903;-110;
-0.10693;0.211164;0.549944;52;1573102269;1;-110;
-0.10156;0.212711;0.549951;53;1573102269;96;-110;
-0.10352;0.219047;0.550243;50;1573102269;156;-110;
-0.0944653;0.217854;0.550123;76;1573102269;249;-110;
-0.0986023;0.224402;0.549741;52;1573102269;355;-110;
-0.099121;0.217307;0.550216;52;1573102269;407;-110;
-0.0906293;0.222052;0.550641;65;1573102269;488;-110;
-0.0906293;0.222052;0.550641;65;1573102269;530;-110;
-0.0888563;0.217336;0.549697;53;1573102269;597;-110;
-0.0888563;0.217336;0.549697;53;1573102269;642;-110;
-0.0865303;0.220511;0.550232;52;1573102269;694;-110;
-0.0865303;0.220511;0.550232;52;1573102269;740;-110;
-0.0846784;0.214142;0.550345;51;1573102269;822;-110;
-0.0846784;0.214142;0.550345;51;1573102269;868;-110;
-0.0810016;0.217706;0.550297;56;1573102269;967;-110;
-0.0787187;0.213337;0.551672;50;1573102270;17;-110;
-0.0818015;0.21842;0.549831;55;1573102270;119;-110;
-0.0768017;0.218412;0.549789;57;1573102270;156;-110;
-0.0768017;0.218412;0.549789;57;1573102270;213;-110;
-0.0713658;0.208987;0.55065;74;1573102270;308;-110;
-0.0781142;0.220205;0.549971;51;1573102270;347;-110;
-0.0752732;0.224311;0.549702;53;1573102270;422;-110;
-0.071259;0.216557;0.549964;53;1573102270;492;-110;
-0.0732205;0.216528;0.549442;49;1573102270;556;-110;
-0.0758778;0.21929;0.549994;49;1573102270;651;-110;
-0.070895;0.219555;0.550313;53;1573102270;703;-110;
-0.0669858;0.21419;0.550288;60;1573102270;759;-110;
-0.0669858;0.21419;0.550288;60;1573102270;799;-110;
-0.0703884;0.216637;0.549532;55;1573102270;846;-110;
-0.0703884;0.216637;0.549532;55;1573102270;944;-110;
-0.0674406;0.215575;0.549741;55;1573102271;54;-110;
-0.0643417;0.210209;0.550354;48;1573102271;103;-110;
-0.0642593;0.20675;0.550049;51;1573102271;191;-110;
-0.0638192;0.212165;0.550011;56;1573102271;316;-110;
-0.0617221;0.212635;0.55018;47;1573102271;461;-110;
-0.0624979;0.208982;0.549874;51;1573102271;572;-110;
-0.0578217;0.210714;0.549505;52;1573102271;609;-110;
-0.0616719;0.213144;0.550001;45;1573102271;713;-110;
-0.0614856;0.210716;0.548705;58;1573102271;756;-110;
-0.0614856;0.210716;0.548705;58;1573102271;803;-110;
-0.0589024;0.204306;0.549635;49;1573102271;851;-110;
-0.0691908;0.208908;0.550173;38;1573102271;917;-110;
-0.0586686;0.208631;0.550408;50;1573102272;23;-110;
-0.0577185;0.202992;0.549707;49;1573102272;106;-110;
-0.060103;0.200509;0.551577;50;1573102272;205;-110;
-0.0583406;0.202897;0.549838;52;1573102272;290;-110;
-0.0596185;0.2046;0.550153;52;1573102272;351;-110;
-0.0626635;0.208284;0.551532;58;1573102272;402;-110;
-0.0626635;0.208284;0.551532;58;1573102272;458;-110;
-0.0579312;0.201405;0.550082;54;1573102272;551;-110;
-0.0587179;0.198921;0.550323;57;1573102272;597;-110;
-0.0587179;0.198921;0.550323;57;1573102272;636;-110;
-0.0602296;0.200593;0.550122;57;1573102272;675;-110;
-0.0609454;0.202467;0.550722;48;1573102272;758;-110;
-0.062457;0.202215;0.549513;54;1573102272;852;-110;
-0.062457;0.202215;0.549513;54;1573102272;902;-110;
-0.0606638;0.198141;0.550397;52;1573102272;985;-110;
-0.0651347;0.190754;0.549835;52;1573102273;78;-110;
-0.0651347;0.190754;0.549835;52;1573102273;117;-110;
-0.0626885;0.198437;0.549621;47;1573102273;178;-110;
-0.0648048;0.197297;0.549982;46;1573102273;294;-110;
-0.0697855;0.197073;0.550359;45;1573102273;324;-110;
-0.0917679;0.186228;0.550706;25;1573102273;375;-110;
-0.0727286;0.191627;0.549943;70;1573102273;421;-110;
-0.0819391;0.187754;0.550126;49;1573102273;472;-110;
-0.0741139;0.195297;0.549909;47;1573102273;518;-110;
-0.0967912;0.183307;0.54969;26;1573102273;559;-110;
-0.0898844;0.18241;0.549753;56;1573102273;611;-110;
-0.111489;0.173879;0.549181;45;1573102273;695;-110;
-0.116676;0.173031;0.549638;5;1573102273;794;-110;
-0.113787;0.175008;0.550272;46;1573102273;834;-110;
-0.113787;0.175008;0.550272;46;1573102273;874;-110;
-0.116734;0.165843;0.550227;6;1573102273;918;-110;
-0.117504;0.169634;0.549635;7;1573102273;962;-110;
-0.122643;0.160471;0.549888;61;1573102274;52;-110;
-0.126669;0.158422;0.549738;46;1573102274;92;-110;
-0.133031;0.161574;0.549635;33;1573102274;141;-110;
-0.13187;0.157346;0.549595;13;1573102274;229;-110;
-0.132692;0.160455;0.548972;58;1573102274;279;-110;
-0.138266;0.14878;0.548933;53;1573102274;326;-110;
-0.136061;0.146472;0.550876;54;1573102274;395;-110;
-0.142484;0.145865;0.550513;52;1573102274;470;-110;
-0.13796;0.148858;0.55041;84;1573102274;555;-110;
-0.143641;0.141569;0.549704;18;1573102274;638;-110;
-0.143641;0.141569;0.549704;18;1573102274;689;-110;
-0.1547;0.136709;0.55034;46;1573102274;729;-110;
-0.150197;0.13598;0.549286;61;1573102274;783;-110;
-0.154262;0.133101;0.549716;49;1573102274;826;-110;
-0.165816;0.119058;0.550024;52;1573102274;871;-110;
-0.180147;0.114385;0.550044;50;1573102274;913;-110;
-0.18193;0.111777;0.548254;47;1573102275;2;-110;
-0.1849;0.109418;0.550083;7;1573102275;53;-110;
-0.183363;0.11491;0.550086;53;1573102275;105;-110;
-0.198391;0.0959797;0.550016;8;1573102275;165;-110;
-0.198391;0.0959797;0.550016;8;1573102275;206;-110;
-0.188091;0.104524;0.550382;69;1573102275;271;-110;
-0.188091;0.104524;0.550382;69;1573102275;309;-110;
-0.197095;0.0830909;0.551397;50;1573102275;352;-110;
-0.207783;0.0731056;0.548934;53;1573102275;454;-110;
-0.209547;0.0783285;0.549874;48;1573102275;558;-110;
-0.214626;0.0668974;0.550237;53;1573102275;585;-110;
-0.218312;0.0751132;0.55055;6;1573102275;633;-110;
-0.221736;0.0719347;0.549653;48;1573102275;719;-110;
-0.25219;0.0525187;0.54899;58;1573102275;767;-110;
-0.262639;0.0216425;0.550527;38;1573102275;816;-110;
-0.267291;0.0294799;0.55009;32;1573102275;860;-110;
-0.277646;0.020912;0.5498;10;1573102275;967;-110;
-0.201202;0.0698196;0.549738;149;1573102276;48;-110;
-0.0711168;-0.00883729;0.549955;8;1573102276;136;-110;
-0.0643114;-0.0230185;0.54995;5;1573102276;222;-110;
-0.0412172;-0.0336035;0.550036;6;1573102276;302;-110;
-0.0199983;-0.0475738;0.550051;5;1573102276;342;-110;
-0.00902227;-0.0620568;0.550012;3;1573102276;392;-110;
-0.00902227;-0.0620568;0.550012;3;1573102276;432;-110;
0.00808735;-0.0490288;0.549981;7;1573102276;526;-110;
0.0310621;-0.0718644;0.550002;5;1573102276;618;-110;
0.0385129;-0.0842627;0.549983;3;1573102276;659;-110;
0.0460101;-0.0778061;0.550005;5;1573102276;700;-110;
0.0550511;-0.0813897;0.550002;4;1573102276;781;-110;
0.0597715;-0.081341;0.549956;4;1573102276;832;-110;
0.0554105;-0.0679324;0.550033;4;1573102276;918;-110;
0.0510512;-0.0584427;0.55005;4;1573102277;15;-110;
0.0581943;-0.0514807;0.550038;6;1573102277;55;-110;
0.0600469;-0.0510473;0.550049;5;1573102277;111;-110;
0.0554033;-0.0378655;0.54999;5;1573102277;144;-110;
0.0489048;-0.0334713;0.549968;4;1573102277;180;-110;
0.0468002;-0.016825;0.550009;4;1573102277;229;-110;
0.0487477;-0.0161439;0.550024;3;1573102277;271;-110;
0.0564953;-0.00990711;0.550033;5;1573102277;315;-110;
0.0575843;-0.00317752;0.550053;6;1573102277;359;-110;
0.0485192;0.00658717;0.550045;4;1573102277;447;-110;
0.0625625;0.018896;0.549982;7;1573102277;535;-110;
0.0694509;0.0482118;0.549954;8;1573102277;615;-110;
0.0759961;0.049018;0.549957;9;1573102277;659;-110;
0.0698931;0.0550752;0.550013;4;1573102277;702;-110;
0.0831529;0.0795509;0.549999;8;1573102277;799;-110;
0.0920284;0.0973574;0.550012;12;1573102277;846;-110;
0.0845761;0.109006;0.549993;4;1573102277;935;-110;
0.173058;0.249855;0.550547;113;1573102277;983;-110;
0.191149;0.287944;0.550519;151;1573102278;14;-110;
0.189009;0.22632;0.549579;116;1573102278;57;-110;
0.103424;0.145438;0.550238;12;1573102278;101;-110;
0.103424;0.145438;0.550238;12;1573102278;143;-110;
0.176228;0.283467;0.550124;49;1573102278;236;-110;
0.105957;0.179571;0.549866;11;1573102278;296;-110;
0.198728;0.261825;0.550371;203;1573102278;384;-110;
0.170725;0.243232;0.550125;147;1573102278;426;-110;
0.110005;0.206182;0.550695;17;1573102278;469;-110;
0.19414;0.292364;0.550752;220;1573102278;516;-110;
0.12829;0.215754;0.550244;42;1573102278;591;-110;
0.120156;0.255834;0.549193;115;1573102278;638;-110;
0.120156;0.255834;0.549193;115;1573102278;680;-110;
0.129494;0.259172;0.549632;125;1573102278;760;-110;
0.117262;0.242646;0.55066;73;1573102278;813;-110;
0.117262;0.242646;0.55066;73;1573102278;866;-110;
0.119111;0.286343;0.54884;109;1573102278;921;-110;
0.114057;0.287927;0.548965;67;1573102278;982;-110;
0.119111;0.286343;0.54884;109;1573102279;24;-110;
0.13181;0.33098;0.550355;185;1573102279;77;-110;
0.13181;0.33098;0.550355;185;1573102279;121;-110;
0.13181;0.33098;0.550355;185;1573102279;166;-110;
0.0971023;0.370099;0.54986;11;1573102279;219;-110;
0.0971023;0.370099;0.54986;11;1573102279;254;-110;
0.0956757;0.385665;0.549811;41;1573102279;357;-110;
0.0619275;0.390299;0.54945;38;1573102279;446;-110;
0.0644801;0.386;0.549432;39;1573102279;498;-110;
0.072965;0.3915;0.549323;56;1573102279;580;-110;
0.0734801;0.394653;0.549348;36;1573102279;678;-110;
0.0734801;0.394653;0.549348;36;1573102279;719;-110;
0.074137;0.393394;0.550183;48;1573102279;780;-110;
0.074137;0.393394;0.550183;48;1573102279;835;-110;
0.0738564;0.388779;0.55004;42;1573102279;882;-110;
0.0738564;0.388779;0.55004;42;1573102279;969;-110;
0.0610255;0.374607;0.549379;47;1573102280;63;-110;
0.0615544;0.37296;0.550834;48;1573102280;106;-110;
0.0694431;0.386832;0.549796;43;1573102280;155;-110;
0.0694431;0.386832;0.549796;43;1573102280;200;-110;
0.0694431;0.386832;0.549796;43;1573102280;249;-110;
0.0618171;0.380824;0.550042;46;1573102280;345;-110;
0.0618171;0.380824;0.550042;46;1573102280;390;-110;
0.050317;0.373504;0.550298;8;1573102280;449;-110;
0.0476732;0.369311;0.549643;4;1573102280;483;-110;
0.0476732;0.369311;0.549643;4;1573102280;527;-110;
0.0476732;0.369311;0.549643;4;1573102280;534;-110;
0.0451014;0.359134;0.549866;50;1573102280;622;-110;
0.0451014;0.359134;0.549866;50;1573102280;674;-110;
0.0340983;0.342939;0.551188;51;1573102280;720;-110;
0.0313283;0.338862;0.550346;48;1573102280;759;-110;
0.0313283;0.338862;0.550346;48;1573102280;812;-110;
0.023186;0.328098;0.549923;47;1573102280;858;-110;
0.023186;0.328098;0.549923;47;1573102280;895;-110;
0.023186;0.328098;0.549923;47;1573102280;935;-110;
-0.00891513;0.327843;0.549264;5;1573102281;24;-110;
-0.00891513;0.327843;0.549264;5;1573102281;104;-110;
-0.000195471;0.30821;0.549975;46;1573102281;164;-110;
-0.00504647;0.306999;0.549927;12;1573102281;260;-110;
-0.00504647;0.306999;0.549927;12;1573102281;307;-110;
-0.00759733;0.291502;0.550405;46;1573102281;358;-110;
-0.00759733;0.291502;0.550405;46;1573102281;403;-110;
-0.0156216;0.273849;0.550046;57;1573102281;490;-110;
-0.0183398;0.278045;0.550011;49;1573102281;579;-110;
-0.0205711;0.270165;0.549653;52;1573102281;631;-110;
-0.0254825;0.269263;0.549905;51;1573102281;711;-110;
-0.0385501;0.242638;0.549781;48;1573102281;809;-110;
-0.0435264;0.243029;0.550069;47;1573102281;867;-110;
-0.0351484;0.254494;0.550092;52;1573102281;913;-110;
-0.0351484;0.254494;0.550092;52;1573102281;957;-110;
-0.0400228;0.255573;0.549821;50;1573102282;0;-110;
-0.0452976;0.245077;0.550081;55;1573102282;86;-110;
-0.0531304;0.241526;0.550023;58;1573102282;184;-110;
-0.0531304;0.241526;0.550023;58;1573102282;254;-110;
-0.0531304;0.241526;0.550023;58;1573102282;336;-110;
-0.0543917;0.235024;0.548774;59;1573102282;433;-110;
-0.0543917;0.235024;0.548774;59;1573102282;471;-110;
-0.0582415;0.237816;0.550318;47;1573102282;518;-110;
-0.062687;0.24119;0.55007;49;1573102282;614;-110;
-0.062687;0.24119;0.55007;49;1573102282;652;-110;
-0.067975;0.222057;0.550319;52;1573102282;753;-110;
-0.0729518;0.224568;0.550604;53;1573102282;857;-110;
-0.0737977;0.218633;0.550061;48;1573102282;950;-110;
-0.0737977;0.218633;0.550061;48;1573102283;40;-110;
-0.0740214;0.21969;0.549733;46;1573102283;85;-110;
-0.0740214;0.21969;0.549733;46;1573102283;124;-110;
-0.0740214;0.21969;0.549733;46;1573102283;166;-110;
-0.0787396;0.218572;0.550072;52;1573102283;215;-110;
-0.0880008;0.209914;0.550736;48;1573102283;308;-110;
-0.0893577;0.202992;0.54998;56;1573102283;392;-110;
-0.0910657;0.213319;0.550004;50;1573102283;487;-110;
-0.0919405;0.204262;0.550222;50;1573102283;588;-110;
-0.0919405;0.204262;0.550222;50;1573102283;617;-110;
-0.0935774;0.202085;0.551664;50;1573102283;664;-110;
-0.0969908;0.196985;0.550108;49;1573102283;768;-110;
-0.100991;0.204896;0.550805;47;1573102283;801;-110;
-0.103072;0.204168;0.549676;48;1573102283;897;-110;
-0.0994892;0.19593;0.55039;46;1573102283;956;-110;
-0.099765;0.19378;0.549973;56;1573102284;47;-110;
-0.115062;0.199262;0.550163;21;1573102284;90;-110;
-0.101003;0.194154;0.549907;48;1573102284;178;-110;
-0.104119;0.198491;0.55011;51;1573102284;218;-110;
-0.103779;0.193577;0.549837;48;1573102284;300;-110;
-0.103464;0.192432;0.549956;51;1573102284;359;-110;
-0.103464;0.192432;0.549956;51;1573102284;397;-110;
-0.10665;0.19142;0.549933;53;1573102284;490;-110;
-0.10665;0.19142;0.549933;53;1573102284;533;-110;
-0.107743;0.195054;0.550415;54;1573102284;571;-110;
-0.118606;0.192523;0.550145;52;1573102284;616;-110;
-0.111932;0.193093;0.550008;49;1573102284;677;-110;
-0.111389;0.180805;0.549924;58;1573102284;733;-110;
-0.114832;0.187979;0.54988;48;1573102284;773;-110;
-0.116711;0.18305;0.549676;51;1573102284;859;-110;
-0.116711;0.18305;0.549676;51;1573102284;897;-110;
-0.116981;0.178936;0.549959;51;1573102284;978;-110;
-0.119018;0.179834;0.551431;50;1573102285;16;-110;
-0.115742;0.183055;0.550266;54;1573102285;112;-110;
-0.116152;0.178932;0.549948;56;1573102285;158;-110;
-0.11873;0.183602;0.55017;46;1573102285;207;-110;
-0.119018;0.176407;0.549508;46;1573102285;253;-110;
-0.118417;0.177745;0.549787;55;1573102285;293;-110;
-0.12335;0.185126;0.550405;54;1573102285;340;-110;
-0.119834;0.179144;0.550277;56;1573102285;422;-110;
-0.119834;0.179144;0.550277;56;1573102285;468;-110;
-0.11993;0.179975;0.550006;51;1573102285;512;-110;
-0.123071;0.172555;0.549807;49;1573102285;603;-110;
-0.122565;0.17631;0.549172;48;1573102285;689;-110;
-0.127381;0.184107;0.550138;44;1573102285;733;-110;
-0.133407;0.183112;0.550102;6;1573102285;817;-110;
-0.12963;0.188122;0.549701;60;1573102285;907;-110;
-0.122278;0.181595;0.550838;50;1573102285;973;-110;
-0.124178;0.184881;0.550921;49;1573102286;19;-110;
-0.122481;0.181636;0.549132;49;1573102286;70;-110;
-0.121947;0.177368;0.549655;45;1573102286;125;-110;
-0.122806;0.177678;0.550102;50;1573102286;179;-110;
-0.122806;0.177678;0.550102;50;1573102286;213;-110;
-0.123974;0.180316;0.550406;55;1573102286;303;-110;
-0.122945;0.175397;0.550396;55;1573102286;398;-110;
-0.123105;0.17678;0.549954;53;1573102286;490;-110;
-0.129305;0.170795;0.550893;50;1573102286;566;-110;
-0.123601;0.177502;0.550117;49;1573102286;607;-110;
-0.124636;0.176631;0.550612;48;1573102286;711;-110;
-0.124012;0.175016;0.549717;54;1573102286;749;-110;
-0.124012;0.175016;0.549717;54;1573102286;785;-110;
-0.126303;0.179511;0.549423;51;1573102286;829;-110;
-0.125514;0.174715;0.549505;49;1573102286;880;-110;
-0.126547;0.179343;0.549442;51;1573102286;924;-110;
-0.126069;0.176253;0.550312;48;1573102286;965;-110;
-0.129755;0.182487;0.550415;55;1573102287;66;-110;
-0.130045;0.183363;0.549722;50;1573102287;112;-110;
-0.130045;0.183363;0.549722;50;1573102287;117;-110;
-0.126545;0.172533;0.549889;51;1573102287;157;-110;
-0.13056;0.181085;0.549893;51;1573102287;241;-110;
-0.127619;0.180938;0.550467;48;1573102287;285;-110;
-0.127923;0.182076;0.549211;55;1573102287;341;-110;
-0.125695;0.177996;0.550213;47;1573102287;393;-110;
-0.141929;0.177511;0.550565;15;1573102287;442;-110;
-0.141929;0.177511;0.550565;15;1573102287;483;-110;
-0.131397;0.176138;0.548216;53;1573102287;533;-110;
-0.126558;0.176095;0.54982;49;1573102287;628;-110;
-0.125814;0.180465;0.549564;49;1573102287;674;-110;
-0.124297;0.177293;0.550017;54;1573102287;767;-110;
-0.124297;0.177293;0.550017;54;1573102287;803;-110;
-0.125335;0.174727;0.550324;56;1573102287;851;-110;
-0.125867;0.172881;0.551177;50;1573102287;937;-110;
-0.124473;0.177315;0.550003;54;1573102287;984;-110;
-0.125938;0.18277;0.55056;51;1573102288;31;-110;
-0.125193;0.174769;0.549956;48;1573102288;71;-110;
-0.126785;0.168937;0.549988;54;1573102288;169;-110;
-0.131403;0.182292;0.549329;57;1573102288;254;-110;
-0.122718;0.173623;0.549801;47;1573102288;307;-110;
-0.123474;0.180232;0.54993;54;1573102288;359;-110;
-0.12206;0.175437;0.550287;50;1573102288;403;-110;
-0.12206;0.175437;0.550287;50;1573102288;443;-110;
-0.124638;0.180001;0.550045;50;1573102288;487;-110;
-0.122968;0.175174;0.550424;50;1573102288;531;-110;
-0.121666;0.173327;0.549836;61;1573102288;624;-110;
-0.120873;0.180015;0.549828;53;1573102288;663;-110;
-0.118966;0.171153;0.551145;58;1573102288;710;-110;
-0.122149;0.172198;0.549761;52;1573102288;763;-110;
-0.117052;0.177711;0.549894;54;1573102288;853;-110;
-0.116835;0.175694;0.549085;51;1573102288;893;-110;
-0.116609;0.176328;0.550912;48;1573102288;939;-110;
-0.118542;0.173147;0.550347;56;1573102289;19;-110;
-0.115046;0.178996;0.550087;60;1573102289;66;-110;
-0.115753;0.181024;0.550391;48;1573102289;107;-110;
-0.116525;0.18145;0.549584;53;1573102289;159;-110;
-0.119984;0.185766;0.54907;47;1573102289;254;-110;
-0.112155;0.180226;0.55037;52;1573102289;295;-110;
-0.111472;0.179654;0.550305;60;1573102289;341;-110;
-0.112282;0.178351;0.549737;48;1573102289;382;-110;
-0.110421;0.178973;0.550203;47;1573102289;471;-110;
-0.108623;0.178945;0.549829;52;1573102289;551;-110;
-0.108663;0.184523;0.550695;52;1573102289;645;-110;
-0.111304;0.181401;0.548673;53;1573102289;700;-110;
-0.108075;0.183202;0.550213;54;1573102289;743;-110;
-0.10577;0.183952;0.549679;53;1573102289;839;-110;
-0.103881;0.179721;0.549581;50;1573102289;932;-110;
-0.103547;0.181903;0.549922;52;1573102289;979;-110;
-0.105488;0.185553;0.550298;49;1573102290;30;-110;
-0.10267;0.180738;0.54946;54;1573102290;72;-110;
-0.10317;0.184303;0.550142;52;1573102290;116;-110;
-0.102185;0.181806;0.549841;49;1573102290;170;-110;
-0.100611;0.182781;0.549954;61;1573102290;253;-110;
-0.114502;0.185871;0.549964;12;1573102290;340;-110;
-0.101371;0.1803;0.550337;59;1573102290;385;-110;
-0.0998747;0.181846;0.548951;55;1573102290;427;-110;
-0.10215;0.182516;0.550108;52;1573102290;480;-110;
-0.113918;0.181007;0.550682;5;1573102290;523;-110;
-0.0979583;0.179239;0.550892;65;1573102290;576;-110;
-0.0930723;0.178344;0.55032;67;1573102290;614;-110;
-0.0954493;0.183693;0.54999;55;1573102290;659;-110;
-0.0957846;0.187262;0.549492;53;1573102290;710;-110;
-0.093864;0.183726;0.550143;57;1573102290;804;-110;
-0.0936728;0.187102;0.549826;51;1573102290;887;-110;
-0.0947622;0.185689;0.550618;57;1573102290;930;-110;
-0.0918003;0.184609;0.549863;50;1573102290;977;-110;
-0.0925993;0.187643;0.549989;48;1573102291;15;-110;
-0.0903392;0.186033;0.549813;56;1573102291;104;-110;
-0.0903392;0.186033;0.549813;56;1573102291;152;-110;
-0.0960898;0.18818;0.549884;48;1573102291;251;-110;
-0.090959;0.187617;0.551288;58;1573102291;335;-110;
-0.0917358;0.19043;0.549148;54;1573102291;420;-110;
-0.0883083;0.185563;0.550318;61;1573102291;457;-110;
-0.0913169;0.186462;0.549777;46;1573102291;510;-110;
-0.0893;0.186776;0.549591;61;1573102291;557;-110;
-0.0875255;0.183454;0.549877;58;1573102291;641;-110;
-0.0873559;0.187182;0.550135;53;1573102291;739;-110;
-0.0910137;0.179172;0.551706;52;1573102291;792;-110;
-0.0901438;0.183313;0.550518;66;1573102291;872;-110;
-0.0868996;0.186278;0.549626;54;1573102291;914;-110;
-0.0946403;0.192261;0.550015;48;1573102291;968;-110;
-0.0944306;0.178589;0.549881;44;1573102292;61;-110;
-0.0870711;0.185459;0.549474;52;1573102292;145;-110;
-0.0868547;0.18625;0.550123;56;1573102292;197;-110;
-0.0866286;0.185443;0.549805;53;1573102292;242;-110;
-0.0884254;0.18436;0.550029;55;1573102292;333;-110;
-0.0875419;0.188833;0.550044;51;1573102292;384;-110;
-0.0867446;0.191317;0.550014;57;1573102292;479;-110;
-0.0888516;0.193172;0.550529;49;1573102292;518;-110;
-0.0888516;0.193172;0.550529;49;1573102292;563;-110;
-0.0880537;0.195758;0.550218;51;1573102292;655;-110;
-0.090066;0.187605;0.550427;50;1573102292;739;-110;
-0.0897561;0.192278;0.550504;51;1573102292;827;-110;
-0.0871814;0.189922;0.549473;52;1573102292;911;-110;
-0.0919356;0.188919;0.550321;47;1573102292;967;-110;
-0.0869544;0.192386;0.550163;55;1573102293;19;-110;
-0.0873019;0.193382;0.550475;61;1573102293;61;-110;
-0.0872969;0.188147;0.549537;51;1573102293;135;-110;
-0.0906563;0.188369;0.550125;49;1573102293;186;-110;
-0.0920188;0.199272;0.549618;57;1573102293;233;-110;
-0.0895234;0.191727;0.549205;51;1573102293;325;-110;
-0.0972847;0.188249;0.551829;51;1573102293;415;-110;
-0.0871788;0.192648;0.55008;48;1573102293;512;-110;
-0.0890064;0.196567;0.549821;49;1573102293;550;-110;
-0.0881491;0.19392;0.549619;52;1573102293;643;-110;
-0.088613;0.194712;0.549577;46;1573102293;687;-110;
-0.0890583;0.193327;0.549192;55;1573102293;772;-110;
-0.121964;0.192618;0.55;1;1573102293;862;-110;
-0.122212;0.192803;0.55;1;1573102293;901;-110;
-0.153753;0.193209;0.55;1;1573102293;979;-110;
-0.131091;0.194003;0.55;1;1573102294;49;-110;
-0.119921;0.198473;0.55;1;1573102294;87;-110;
-0.118676;0.195013;0.55;1;1573102294;122;-110;
-0.117276;0.194239;0.55;1;1573102294;161;-110;
-0.115734;0.195384;0.55;1;1573102294;237;-110;
-0.114148;0.195504;0.55;1;1573102294;314;-110;
-0.112434;0.195627;0.55;1;1573102294;397;-110;
-0.110592;0.195737;0.55;1;1573102294;434;-110;
-0.108615;0.195776;0.55;1;1573102294;515;-110;
-0.079017;0.192584;0.550713;60;1573102294;590;-110;
-0.069084;0.192559;0.549949;83;1573102294;627;-110;
-0.069084;0.192559;0.549949;83;1573102294;667;-110;
-0.0707321;0.198677;0.550058;51;1573102294;714;-110;
-0.0979805;0.195543;0.55;1;1573102294;765;-110;
-0.0960758;0.19574;0.55;1;1573102294;803;-110;
-0.0941547;0.195956;0.55;1;1573102294;839;-110;
-0.0589436;0.195055;0.550477;73;1573102294;919;-110;
-0.0589436;0.195055;0.550477;73;1573102294;961;-110;
-0.0551055;0.198098;0.550301;56;1573102295;15;-110;
-0.0557135;0.19563;0.550073;55;1573102295;108;-110;
-0.0505395;0.200765;0.55047;67;1573102295;150;-110;
-0.0808566;0.196366;0.55;1;1573102295;192;-110;
-0.0789472;0.196666;0.55;1;1573102295;229;-110;
-0.0771498;0.196658;0.55;1;1573102295;291;-110;
-0.0752326;0.19664;0.55;1;1573102295;358;-110;
-0.073311;0.196766;0.55;1;1573102295;392;-110;
-0.0510408;0.204945;0.550146;58;1573102295;439;-110;
-0.0401183;0.200755;0.549551;47;1573102295;535;-110;
-0.0351619;0.201399;0.549688;50;1573102295;569;-110;
-0.0359691;0.204211;0.550679;47;1573102295;612;-110;
-0.0312148;0.205758;0.550627;51;1573102295;646;-110;
-0.0257983;0.207372;0.550076;49;1573102295;732;-110;
-0.0579884;0.199155;0.55;1;1573102295;826;-110;
-0.056138;0.198826;0.55;1;1573102295;864;-110;
-0.0543505;0.198339;0.55;1;1573102295;905;-110;
-0.0524737;0.197824;0.55;1;1573102295;947;-110;
-0.0302115;0.209002;0.549878;42;1573102296;33;-110;
-0.0215922;0.200556;0.551547;33;1573102296;123;-110;
-0.0150558;0.200107;0.550501;41;1573102296;164;-110;
-0.0272005;0.201178;0.549281;9;1573102296;208;-110;
-0.0115625;0.203819;0.549142;34;1573102296;276;-110;
-0.0147534;0.219097;0.550113;36;1573102296;319;-110;
-0.00723805;0.204479;0.550407;41;1573102296;369;-110;
-0.00723805;0.204479;0.550407;41;1573102296;406;-110;
-0.0024418;0.19842;0.550141;24;1573102296;452;-110;
-0.0137147;0.20357;0.549528;9;1573102296;548;-110;
-0.0259408;0.194175;0.55;1;1573102296;599;-110;
-0.0239134;0.194503;0.55;1;1573102296;646;-110;
0.000587869;0.207667;0.550243;26;1573102296;684;-110;
0.000587869;0.207667;0.550243;26;1573102296;726;-110;
-0.00789075;0.202759;0.550165;18;1573102296;779;-110;
-0.00435045;0.220088;0.549221;37;1573102296;859;-110;
-0.0136988;0.194683;0.55;1;1573102296;903;-110;
-0.011845;0.194814;0.55;1;1573102296;941;-110;
-0.00990954;0.194937;0.55;1;1573102296;984;-110;
-0.00801035;0.19507;0.55;1;1573102297;20;-110;
-0.00613302;0.194782;0.55;1;1573102297;61;-110;
-0.00427386;0.192753;0.55;1;1573102297;100;-110;
-0.00241495;0.192689;0.55;1;1573102297;136;-110;
-0.000557069;0.192771;0.55;1;1573102297;212;-110;
0.0013064;0.192546;0.55;1;1573102297;248;-110;
0.00318818;0.192327;0.55;1;1573102297;323;-110;
0.00508132;0.191824;0.55;1;1573102297;360;-110;
0.00698726;0.191243;0.55;1;1573102297;401;-110;
0.00894337;0.190606;0.55;1;1573102297;479;-110;
0.0109189;0.189862;0.55;1;1573102297;515;-110;
0.0129182;0.189061;0.55;1;1573102297;554;-110;
0.0341804;0.207081;0.550982;46;1573102297;590;-110;
0.0341804;0.207081;0.550982;46;1573102297;636;-110;
0.0346596;0.202426;0.551242;17;1573102297;723;-110;
0.0211567;0.185463;0.55;1;1573102297;767;-110;
0.0229416;0.184662;0.55;1;1573102297;801;-110;
0.0245856;0.183779;0.55;1;1573102297;874;-110;
0.0260285;0.182864;0.55;1;1573102297;956;-110;
0.0274833;0.182005;0.55;1;1573102297;993;-110;
0.0289519;0.181298;0.55;1;1573102298;37;-110;
0.0304165;0.18081;0.55;1;1573102298;71;-110;
0.0318769;0.180398;0.55;1;1573102298;118;-110;
0.0333499;0.179972;0.55;1;1573102298;161;-110;
0.0348257;0.179621;0.55;1;1573102298;197;-110;
0.0362725;0.179332;0.55;1;1573102298;278;-110;
0.0376917;0.179172;0.55;1;1573102298;354;-110;
0.0390737;0.179122;0.55;1;1573102298;395;-110;
0.0404366;0.179156;0.55;1;1573102298;431;-110;
0.041772;0.179234;0.55;1;1573102298;470;-110;
0.0430803;0.179299;0.55;1;1573102298;508;-110;
0.0631028;0.195037;0.549595;28;1573102298;547;-110;
0.0235253;0.195345;0.550614;3;1573102298;637;-110;
0.0725283;0.201413;0.550558;30;1573102298;726;-110;
0.0775211;0.179673;0.549769;11;1573102298;769;-110;
0.0768514;0.183279;0.549582;22;1573102298;859;-110;
0.0760839;0.185444;0.550222;15;1573102298;938;-110;
0.0760839;0.185444;0.550222;15;1573102298;989;-110;
0.0731444;0.187744;0.550458;21;1573102299;34;-110;
0.0631226;0.187487;0.549585;4;1573102299;133;-110;
0.0703166;0.185077;0.549572;21;1573102299;175;-110;
0.0703166;0.185077;0.549572;21;1573102299;216;-110;
0.0703951;0.186636;0.549684;13;1573102299;267;-110;
0.0733293;0.182298;0.550172;18;1573102299;340;-110;
0.069371;0.18345;0.55061;11;1573102299;433;-110;
0.0700266;0.181282;0.550254;9;1573102299;480;-110;
0.0670254;0.182378;0.550415;12;1573102299;525;-110;
0.0670254;0.182378;0.550415;12;1573102299;564;-110;
0.0391522;0.187768;0.550328;3;1573102299;609;-110;
0.0612859;0.181386;0.549727;10;1573102299;710;-110;
0.0357044;0.191105;0.549672;4;1573102299;791;-110;
0.0314002;0.186018;0.550132;3;1573102299;833;-110;
0.0314002;0.186018;0.550132;3;1573102299;874;-110;
0.0304643;0.18508;0.550066;3;1573102299;926;-110;
0.0290789;0.18931;0.549765;4;1573102299;970;-110;
0.0487875;0.181162;0.549695;9;1573102300;73;-110;
0.0487875;0.181162;0.549695;9;1573102300;110;-110;
0.0423106;0.18199;0.550186;9;1573102300;203;-110;
0.0429239;0.181808;0.550157;11;1573102300;242;-110;
0.0150965;0.185171;0.549929;3;1573102300;280;-110;
0.0328256;0.183834;0.5497;9;1573102300;377;-110;
0.0331196;0.181376;0.550148;7;1573102300;477;-110;
0.0330616;0.185208;0.5502;6;1573102300;528;-110;
0.00164427;0.187173;0.549996;3;1573102300;575;-110;
0.0287677;0.170517;0.550021;6;1573102300;677;-110;
0.0144593;0.16719;0.550095;3;1573102300;722;-110;
0.0220136;0.171712;0.549877;8;1573102300;812;-110;
0.0112046;0.188055;0.549952